100000
1 60 0.0033866501702527 
2 66 0.0033354524375165 
3 67 0.0033832069575607 
4 109 0.0037359494851736 
5 84 0.0043714425094359 
6 65 0.0049528995961250 
7 64 0.0055172379963059 
8 69 0.0062002286590025 
9 58 0.0068443695542229 
10 70 0.0075172048114139 
11 71 0.0082536084963873 
12 49 0.0087556753546037 
13 46 0.0090835463472665 
14 50 0.0093772349235604 
15 57 0.0101651552773168 
16 38 0.0109490566613036 
17 47 0.0116823853502072 
18 53 0.0122866124025331 
19 42 0.0108047091977342 
20 31 0.0110251827803740 
21 52 0.0110828227140201 
22 34 0.0112375720617471 
23 32 0.0113221152784821 
24 31 0.0115125946470083 
25 34 0.0114959287608779 
26 30 0.0116058729275658 
27 30 0.0116612164655760 
28 17 0.0118216985989820 
29 24 0.0119986300802013 
30 25 0.0118522732751506 
31 25 0.0121314751754815 
32 27 0.0124032525629567 
33 18 0.0122539243109878 
34 30 0.0121877786946193 
35 25 0.0124651830558819 
36 19 0.0124121187981207 
37 16 0.0125618922950310 
38 21 0.0124298782256146 
39 12 0.0125049155342793 
40 23 0.0124564862053098 
41 10 0.0123406968952573 
42 15 0.0126523891690553 
43 11 0.0125325433786269 
44 12 0.0124465770314233 
45 12 0.0123261858835093 
46 10 0.0125807149754828 
47 14 0.0126823899770336 
48 7 0.0126077844333490 
49 12 0.0124982541572515 
50 13 0.0125487559587723 
51 10 0.0124956666067637 
52 8 0.0125076773869829 
53 9 0.0124337264292866 
54 17 0.0124645717108727 
55 7 0.0125812861836285 
56 6 0.0125121651752823 
57 10 0.0127310026950179 
58 5 0.0127626593199132 
59 8 0.0124489402859857 
60 10 0.0125565026798747 
61 9 0.0126709166404700 
62 8 0.0126951598417239 
63 4 0.0125326858445999 
64 4 0.0125658144814784 
65 6 0.0125508631780968 
66 3 0.0125678326168674 
67 5 0.0124500718674219 
68 4 0.0125241594006987 
69 6 0.0124661486478384 
70 6 0.0126038749672201 
71 3 0.0126303779883781 
72 6 0.0125487114857059 
73 4 0.0125835310655116 
74 6 0.0127586594396022 
75 18 0.0127719031695145 
76 4 0.0124440203981706 
77 2 0.0125155058723029 
78 6 0.0125403235064852 
79 3 0.0126047993599616 
80 4 0.0126390802040808 
81 3 0.0126288199241335 
82 5 0.0126923163894519 
83 20 0.0125181906623365 
84 3 0.0126632162397353 
85 1 0.0127973839514540 
86 3 0.0124714688944837 
87 1 0.0126178835343172 
89 5 0.0126237794438377 
90 2 0.0127351902398229 
91 3 0.0126055846653714 
92 5 0.0127485545500708 
93 1 0.0125968641864466 
94 3 0.0128071740333372 
95 1 0.0129030654396796 
96 18 0.0126480946737015 
97 1 0.0127826308864333 
98 1 0.0126056195950612 
99 3 0.0127790408493488 
100 1 0.0126605747589872 
103 1 0.0129086546568637 
104 3 0.0123731967024619 
106 1 0.0124610938513246 
109 2 0.0127698765188019 
111 1 0.0127414725011927 
112 1 0.0124145786771453 
113 1 0.0127029136762102 
115 2 0.0124449244768004 
116 2 0.0125369273197677 
117 3 0.0126475927462476 
118 2 0.0127566898351675 
120 16 0.0126513633891725 
121 2 0.0125725058319460 
122 1 0.0128115186363108 
124 1 0.0128470769633031 
125 2 0.0124712714173297 
127 1 0.0124589793583878 
128 2 0.0128278084431245 
129 2 0.0125923106719775 
132 1 0.0123068367707252 
133 1 0.0130625632812463 
135 1 0.0125057425266962 
136 1 0.0133680529278908 
137 1 0.0124561891896170 
138 2 0.0129488004808589 
139 1 0.0127981490074469 
140 2 0.0122323678825274 
144 1 0.0130332652065910 
148 1 0.0127009898953294 
149 1 0.0129252963270265 
151 1 0.0125987686218608 
153 1 0.0126543831036568 
156 1 0.0122706618167367 
164 1 0.0126337855835274 
165 5 0.0123032452868085 
166 1 0.0123890474951304 
177 1 0.0131551018730820 
184 1 0.0130109807492321 
186 1 0.0127254227858760 
189 1 0.0122089607017833 
193 1 0.0131810877529743 
199 3 0.0128454656993541 
200 1 0.0130385884883359 
201 2 0.0129875864356341 
207 1 0.0132380529992780 
209 2 0.0132196657383010 
213 1 0.0130944051324126 
215 1 0.0123843029962452 
220 1 0.0121776037634147 
224 1 0.0122348023990303 
225 2 0.0118323498367969 
229 2 0.0119232678406031 
236 1 0.0127450270427470 
238 2 0.0128507618396528 
253 2 0.0132314946988511 
280 1 0.0125550717826024 
298 1 0.0124457709724271 
299 2 0.0124888562684372 
370 1 0.0067063666008288 
408 1 0.0110682663231831 
466 1 0.0118141064138021 
549 1 0.0100731760499352 
571 1 0.0110473122006368 
