100000
1 75 0.0043593085888282 
2 98 0.0043958401582707 
3 93 0.0051125921980621 
4 99 0.0065849642765251 
5 93 0.0082147819707071 
6 98 0.0086320455907521 
7 98 0.0085533228616192 
8 111 0.0108300887123684 
9 100 0.0146770684901481 
10 95 0.0148854557279290 
11 81 0.0178616802169234 
12 82 0.0194368555806585 
13 79 0.0210350776992366 
14 87 0.0226005213847791 
15 106 0.0246478259734934 
16 82 0.0258390032906828 
17 76 0.0273547700627592 
18 73 0.0286511362225775 
19 72 0.0292328574547909 
20 63 0.0297192737799519 
21 52 0.0301487268181608 
22 63 0.0304276540733131 
23 53 0.0310813375512414 
24 60 0.0313363396416885 
25 55 0.0316194361126177 
26 56 0.0318704428162631 
27 49 0.0319203328267025 
28 37 0.0320627442738165 
29 38 0.0321614219033432 
30 40 0.0324000673210004 
31 38 0.0326370872415345 
32 44 0.0326817512104013 
33 35 0.0326341834332631 
34 43 0.0329689838457749 
35 36 0.0329826485907252 
36 43 0.0330450812323726 
37 43 0.0332059875470493 
38 44 0.0332921154640655 
39 29 0.0333840788551883 
40 27 0.0334872318922543 
41 29 0.0333849237729343 
42 21 0.0334065044873042 
43 29 0.0335539299015855 
44 21 0.0335311927824675 
45 19 0.0334636701311184 
46 24 0.0334783700091757 
47 24 0.0335068763465048 
48 24 0.0335696220910232 
49 33 0.0336239929610959 
50 25 0.0337017958492567 
51 20 0.0337234339079313 
52 19 0.0337325910087339 
53 15 0.0337302123816975 
54 23 0.0337423753608352 
55 23 0.0337730591252346 
56 18 0.0337915635911293 
57 23 0.0338129951342232 
58 15 0.0338854655406043 
59 11 0.0339077085465293 
60 18 0.0338732404855983 
61 18 0.0338845741913474 
62 16 0.0338921260647241 
63 23 0.0338726071791267 
64 13 0.0338866724970164 
65 20 0.0339579344407348 
66 22 0.0339590366902293 
67 13 0.0339422975984522 
68 16 0.0340264923705193 
69 14 0.0340627929366071 
70 17 0.0340698782947346 
71 18 0.0339512439700998 
72 15 0.0341439894590501 
73 10 0.0341535706896107 
74 10 0.0340825329595621 
75 8 0.0341505898504185 
76 15 0.0343295196104168 
77 10 0.0341966314080595 
78 11 0.0342011536922126 
79 16 0.0342271697781767 
80 8 0.0342304401791415 
81 4 0.0341968545416556 
82 12 0.0344158691470642 
83 17 0.0343524940613368 
84 12 0.0344661996971433 
85 10 0.0345733507987775 
86 9 0.0344293382355036 
87 5 0.0347065023136784 
88 9 0.0347081357744324 
89 9 0.0348776481664080 
90 7 0.0348610624291919 
91 9 0.0347531143844695 
92 10 0.0350787963617145 
93 11 0.0348964535066513 
94 7 0.0350888987460570 
95 9 0.0350661246884389 
96 11 0.0351887695576005 
97 8 0.0350668982273201 
98 5 0.0350662465837903 
99 11 0.0351917270748582 
100 10 0.0351523575340577 
101 4 0.0353583985228038 
102 9 0.0353396089721537 
103 6 0.0353432604440970 
104 6 0.0352661398072553 
105 7 0.0354877918679749 
106 9 0.0352703692938835 
107 9 0.0355452500250310 
108 6 0.0353866562271491 
109 9 0.0354293415897873 
110 4 0.0355066817137958 
111 1 0.0353778572081357 
112 7 0.0355591309620927 
113 8 0.0354245044160725 
114 4 0.0353602920431966 
115 10 0.0354129062206491 
116 6 0.0352191450284438 
117 9 0.0355249276635306 
119 4 0.0352671777133726 
120 5 0.0355652416160757 
121 6 0.0355236007609405 
122 12 0.0353088760409651 
123 11 0.0353661196616776 
124 9 0.0353664280271724 
125 5 0.0352615212120642 
126 6 0.0354881172211352 
127 4 0.0354559745796426 
128 5 0.0354476885644374 
129 4 0.0355165669927644 
130 6 0.0352450660815673 
131 6 0.0355166005951028 
132 4 0.0353504282202036 
133 3 0.0352698575104381 
134 3 0.0352679867552970 
135 7 0.0352971949744523 
136 4 0.0355646008902613 
137 5 0.0354013240567833 
138 2 0.0352587419679617 
139 5 0.0354614702467414 
140 3 0.0355683430440238 
141 7 0.0354838152323224 
142 7 0.0353654026629904 
144 1 0.0356271825123746 
145 3 0.0351485983915275 
146 5 0.0352917539143783 
147 6 0.0355374664777292 
148 3 0.0351825824078230 
149 1 0.0354225610815356 
150 2 0.0355929597497242 
151 5 0.0351872433269167 
152 4 0.0354214543082535 
153 2 0.0353847009851816 
154 4 0.0351964200191864 
155 5 0.0354283271981714 
156 6 0.0353426988864896 
157 1 0.0353336146477428 
158 5 0.0355653821911374 
159 3 0.0353343518995256 
160 6 0.0353434610259935 
161 4 0.0355692187603647 
162 2 0.0354012816334056 
163 1 0.0352366749650222 
164 4 0.0355226460687104 
165 5 0.0354314925518086 
166 4 0.0352935940399798 
167 2 0.0355222554308187 
168 5 0.0356503785649150 
169 3 0.0354633658459918 
170 3 0.0355633115631230 
171 3 0.0355600428378111 
172 3 0.0353881626996032 
173 6 0.0354035303588270 
174 2 0.0356104682967190 
175 2 0.0358158922357767 
176 4 0.0354980917573979 
177 4 0.0357043091858879 
178 5 0.0355901850340581 
179 3 0.0355645436310655 
180 2 0.0357759699419866 
181 2 0.0357498200611239 
182 5 0.0356186298568513 
183 3 0.0356019493909556 
184 3 0.0358011449858571 
185 4 0.0357681775025801 
186 4 0.0356288496857398 
187 4 0.0358329416293619 
188 4 0.0359551229489151 
189 3 0.0360548205625300 
190 6 0.0358416233207839 
191 4 0.0360334831119884 
192 2 0.0361344257067475 
193 3 0.0358283114395093 
194 1 0.0360337135667701 
195 4 0.0359981094995364 
196 2 0.0361958104971645 
197 3 0.0360905605604130 
198 5 0.0362769430874648 
199 2 0.0361280944055134 
200 1 0.0364807092162347 
201 4 0.0360657325646499 
202 2 0.0362491648202676 
203 2 0.0363222089731238 
204 1 0.0365092449460354 
205 4 0.0362331714943604 
207 3 0.0362780041536419 
209 1 0.0362635567041235 
210 1 0.0363422092678763 
211 1 0.0362485746361559 
217 1 0.0363657647502966 
220 1 0.0367375901951022 
221 1 0.0365022321059968 
222 1 0.0364358613153626 
223 1 0.0364945920068885 
224 1 0.0365984186605477 
226 1 0.0366151947620947 
229 1 0.0364013851217753 
231 1 0.0365998322227478 
234 2 0.0367693010439837 
235 1 0.0367322062255057 
245 1 0.0365991217630772 
254 1 0.0365223515462733 
291 1 0.0363314073657289 
294 1 0.0363901715828296 
347 1 0.0354325915478050 
547 1 0.0360649695117181 
755 1 0.0336919593458925 
792 1 0.0321392091269491 
1045 1 0.0326415235450324 
