100000
1 115 0.0034203293764295 
2 136 0.0039217575666492 
3 142 0.0054482394582002 
4 134 0.0072074854236355 
5 126 0.0086713032811740 
6 113 0.0095669243472766 
7 83 0.0100406707724716 
8 108 0.0104211558216251 
9 71 0.0106772848579945 
10 67 0.0108139457373249 
11 33 0.0108669043205160 
12 61 0.0109289149552212 
13 64 0.0110423460589654 
14 39 0.0111100702546895 
15 63 0.0112238274899867 
16 60 0.0113516698389272 
17 54 0.0113621338334361 
18 40 0.0113726112522197 
19 35 0.0114176300680616 
20 22 0.0114785240686009 
21 15 0.0114922312547776 
22 20 0.0114895382764772 
23 23 0.0114174596978922 
24 20 0.0115427249973424 
25 16 0.0116219220946942 
26 15 0.0115745980041719 
27 18 0.0115153699846607 
28 9 0.0115543558412437 
29 13 0.0116285046928852 
30 9 0.0116043030080193 
31 21 0.0115423258031640 
32 11 0.0115081985219875 
33 10 0.0116484527281906 
34 14 0.0115574848481836 
35 15 0.0117817128068832 
36 11 0.0116311176870650 
37 9 0.0116842106866873 
38 7 0.0116455669645425 
39 5 0.0116275833715732 
40 5 0.0117074942899022 
41 4 0.0116313930829230 
42 5 0.0116059651379113 
43 7 0.0116587462572067 
44 6 0.0117152070830557 
45 2 0.0117247479611415 
46 5 0.0116818175815066 
47 5 0.0115842357807406 
48 5 0.0115309317383362 
49 3 0.0115927876490129 
50 6 0.0116493366406842 
51 2 0.0115802321587126 
52 4 0.0115806073940424 
53 3 0.0116119944866570 
54 5 0.0116575134384701 
55 3 0.0116762583564441 
56 3 0.0116660874238430 
57 6 0.0117272042210166 
58 2 0.0117900571421018 
59 2 0.0117100379130807 
60 2 0.0115408722101870 
61 1 0.0115024184226618 
62 4 0.0113909908909128 
63 4 0.0115436163947473 
64 1 0.0117452259909873 
66 4 0.0114207368290782 
67 2 0.0113932476178879 
68 2 0.0115537008824949 
70 6 0.0115718124648004 
71 1 0.0114048467181960 
72 2 0.0114993669252438 
73 2 0.0117531215336742 
74 3 0.0115175087079971 
76 1 0.0115933719397765 
77 3 0.0115665631189547 
78 2 0.0113831681426375 
79 2 0.0115424436014383 
80 2 0.0116319230142393 
81 2 0.0114060023755112 
82 1 0.0115579925138136 
83 2 0.0116551448824485 
84 1 0.0113880551300520 
86 1 0.0115685157115047 
87 4 0.0116561539586132 
88 1 0.0117261366343418 
89 1 0.0114743739904833 
90 2 0.0116052415735576 
91 2 0.0117292470002923 
92 1 0.0116711006590888 
93 1 0.0118086599654579 
94 1 0.0115904053418561 
95 1 0.0117152822470035 
97 2 0.0116099766983014 
99 2 0.0118247301708094 
101 1 0.0116481359710643 
104 2 0.0118099908609504 
105 2 0.0117441312058128 
106 1 0.0118619228873236 
111 1 0.0116567294743782 
112 1 0.0117725180833401 
113 1 0.0116865331761582 
123 2 0.0118229942182760 
128 1 0.0119110939835606 
130 1 0.0116848543976514 
141 1 0.0116178982034698 
146 1 0.0116844652449031 
148 1 0.0116683825038835 
151 1 0.0117311642743582 
154 1 0.0117692235290921 
173 1 0.0114546020812830 
223 1 0.0107534318773934 
273 1 0.0095753417401383 
