100000
1 135 0.0037063036768574 
2 106 0.0041600482533076 
3 78 0.0049306585566716 
4 51 0.0055058669129649 
5 39 0.0058156162957548 
6 49 0.0063737150905967 
7 29 0.0068186407086464 
8 26 0.0069590674035121 
9 16 0.0069228259543069 
10 24 0.0062588279393336 
11 25 0.0031416228860695 
12 27 0.0057043284240886 
13 21 0.0061616252879037 
14 25 0.0066556796342624 
15 24 0.0071127680260801 
16 19 0.0045412670185305 
17 23 0.0079422283776854 
18 21 0.0073604177055804 
19 13 0.0077570808508834 
20 17 0.0081766340904977 
21 11 0.0085798739078067 
22 8 0.0089881761545980 
23 9 0.0084140569481137 
24 8 0.0057738479165103 
25 10 0.0060177944009074 
26 14 0.0059214329305000 
27 10 0.0087169853838824 
28 4 0.0090400347800655 
29 10 0.0093653912520297 
30 13 0.0083868195325180 
31 6 0.0088971823325790 
32 12 0.0091962639665329 
33 10 0.0094566481885515 
34 8 0.0097468708882878 
35 7 0.0100325290066961 
36 12 0.0103159951417967 
37 3 0.0105976746408835 
38 11 0.0108818961371220 
39 10 0.0111783467616723 
40 9 0.0114544046209522 
41 9 0.0117357549013830 
42 8 0.0120190360964920 
43 7 0.0123033145296650 
44 3 0.0126554203398859 
45 5 0.0125471372533581 
46 4 0.0132248322980857 
47 4 0.0131491036117410 
48 7 0.0134341541843663 
49 5 0.0137162497164137 
50 6 0.0139575023206699 
51 3 0.0142444800486146 
52 2 0.0127755218016710 
53 5 0.0131916903702258 
54 5 0.0134526512582445 
55 3 0.0135412175059526 
56 8 0.0137898835365715 
57 1 0.0140472873505429 
58 2 0.0142949986067223 
59 7 0.0145325827934448 
60 1 0.0145949049872172 
61 2 0.0143674360033654 
62 4 0.0140934209706578 
63 3 0.0143300153406317 
64 5 0.0145712987651509 
65 3 0.0148039963614779 
66 3 0.0145322195687970 
67 3 0.0147554245465021 
68 6 0.0149774444227312 
69 4 0.0151971171567753 
70 6 0.0154228629604188 
71 7 0.0156574185630525 
72 3 0.0158825840121342 
73 2 0.0160949474075829 
74 2 0.0163297220922239 
75 4 0.0165396182711732 
76 2 0.0167674663474289 
77 2 0.0163929548934983 
78 3 0.0166853869580455 
79 6 0.0167068860318743 
80 3 0.0169266388989512 
81 2 0.0166650260191042 
82 3 0.0165795022196764 
83 1 0.0165778851019789 
84 1 0.0167441499112792 
85 2 0.0163842657231223 
86 4 0.0165853973535685 
87 3 0.0167828021914752 
88 3 0.0169767630259107 
89 2 0.0170567080954653 
90 1 0.0167013100024702 
91 2 0.0168894589580556 
92 3 0.0170622562009929 
93 3 0.0172731114973379 
94 1 0.0172757856586189 
95 1 0.0171874752183239 
96 3 0.0167285485196636 
97 3 0.0171911453961283 
98 2 0.0170846849720018 
99 1 0.0175533269267987 
101 1 0.0175217078001270 
102 2 0.0175156964969407 
103 1 0.0177100738021651 
104 4 0.0174025652026392 
105 1 0.0175822778665747 
107 1 0.0177760745121138 
108 1 0.0178541847367609 
110 1 0.0178990125724253 
111 2 0.0179146169617883 
112 1 0.0180870105217293 
114 1 0.0184083326190334 
116 1 0.0181275220796556 
117 2 0.0179019782152801 
118 1 0.0180742579927295 
120 1 0.0174172350459844 
121 1 0.0185493287193216 
122 2 0.0177317322849876 
123 2 0.0183939529022675 
125 1 0.0182028832117963 
128 3 0.0063522697680174 
129 1 0.0067335958441894 
130 1 0.0133232626454987 
133 2 0.0188316745170155 
136 1 0.0176447841411554 
137 1 0.0178469209473555 
138 3 0.0079481548584863 
143 1 0.0173327952737309 
144 1 0.0172486386355084 
147 2 0.0150654580470353 
149 1 0.0170445861566952 
170 2 0.0165143216434201 
171 1 0.0162485114210379 
179 1 0.0156722992507115 
182 1 0.0152081632784036 
196 1 0.0157268476672258 
199 1 0.0139495246802519 
211 1 0.0126024107295321 
218 1 0.0127274754465471 
223 1 0.0130404654502304 
243 1 0.0167583662766892 
274 1 0.0166240586842081 
277 1 0.0150437718383575 
301 1 0.0168132829632589 
306 1 0.0052484298572651 
351 1 0.0042469356891368 
