100000
1 971 0.0033546597946691 
2 487 0.0042291195943611 
3 355 0.0047057679395969 
4 243 0.0049510113326577 
5 208 0.0050960802292029 
6 182 0.0052040963252021 
7 156 0.0052825204658301 
8 146 0.0053437725555833 
9 119 0.0053884080760830 
10 127 0.0054271770067642 
11 121 0.0054655378738085 
12 105 0.0054952884425020 
13 85 0.0055143871932323 
14 84 0.0056046815401457 
15 81 0.0060189416062019 
16 82 0.0055700372160493 
17 62 0.0055735520481423 
18 72 0.0055825753496204 
19 53 0.0055906417717689 
20 42 0.0055957651087961 
21 41 0.0056428083328697 
22 52 0.0056446945306500 
23 41 0.0056199538943948 
24 51 0.0056488033628360 
25 44 0.0056563300530005 
26 32 0.0056559093182489 
27 42 0.0056458951058660 
28 31 0.0056505604817690 
29 26 0.0056705039523857 
30 26 0.0057172336780361 
31 22 0.0056984151526989 
32 22 0.0056696391644378 
33 23 0.0057030331234198 
34 18 0.0057015994014474 
35 10 0.0057064554158523 
36 19 0.0056916566045796 
37 20 0.0057180826684094 
38 20 0.0057172672559774 
39 19 0.0057135004685239 
40 16 0.0057174411154596 
41 8 0.0057291347894139 
42 15 0.0057312950702326 
43 13 0.0057388476897687 
44 11 0.0057279589715973 
45 7 0.0056986749585049 
46 12 0.0057157100025484 
47 13 0.0057040024670096 
48 10 0.0057289279813342 
49 9 0.0057428140500937 
50 14 0.0057371986847514 
51 11 0.0057179932228828 
52 5 0.0057331201921095 
53 6 0.0057222879161913 
54 10 0.0057135497779352 
55 8 0.0057133644811894 
56 13 0.0057378688488404 
57 9 0.0057633825716014 
58 10 0.0058021662977969 
59 4 0.0057955867159033 
60 6 0.0057714028458274 
61 3 0.0057008008302490 
62 1 0.0057137902967291 
63 5 0.0057099165992867 
64 5 0.0057214122135061 
65 6 0.0057446301804966 
66 6 0.0057403422525218 
67 2 0.0057008472271781 
68 5 0.0057301594307660 
69 4 0.0056973841174725 
70 5 0.0057182010776966 
72 1 0.0057351314207318 
73 2 0.0057197715723982 
74 5 0.0057265776247794 
75 3 0.0057160496954387 
76 1 0.0057576927191964 
77 2 0.0057562902915778 
78 3 0.0056801341626423 
79 3 0.0057480974380244 
80 1 0.0057371092488605 
81 3 0.0056884824773199 
83 4 0.0057218229780639 
85 2 0.0057223945520235 
86 1 0.0056767306654515 
87 2 0.0056742126848475 
88 5 0.0057293615340087 
89 2 0.0056352411081654 
90 1 0.0057148472112891 
91 3 0.0056491440497451 
92 2 0.0056998646092250 
93 2 0.0057112439419987 
94 5 0.0056410121459979 
95 3 0.0057055244559929 
96 4 0.0056273104470646 
97 2 0.0056889937926634 
98 3 0.0056537905869318 
99 3 0.0057056801730610 
100 2 0.0056419674871932 
101 3 0.0056892510691330 
102 2 0.0056643905878289 
103 1 0.0056737480988428 
105 3 0.0056584729136790 
107 1 0.0056613717378672 
108 1 0.0056620468525560 
109 3 0.0056558393515182 
111 2 0.0056577311349485 
112 2 0.0056814392383041 
113 2 0.0056842881751882 
114 1 0.0056455617695459 
115 2 0.0056931014738724 
116 3 0.0056376410040311 
118 3 0.0056433557701661 
119 1 0.0056965459592167 
121 1 0.0056467862731274 
123 3 0.0056776886228429 
125 2 0.0056948752632853 
126 1 0.0057069824891933 
127 2 0.0056333757209722 
128 2 0.0057354296689199 
129 1 0.0056691187001943 
130 1 0.0057184956531023 
133 1 0.0057373964927736 
134 1 0.0056172289243230 
136 1 0.0056969756274705 
137 1 0.0057318695164877 
138 2 0.0057870342577342 
139 1 0.0056515395652318 
140 1 0.0057962546462603 
142 1 0.0056000106304762 
143 1 0.0058645544049615 
145 1 0.0058191354582650 
146 1 0.0058896595481349 
149 1 0.0057502212204743 
151 1 0.0058427847449021 
152 1 0.0057123391558793 
157 1 0.0058673096763084 
159 1 0.0056272803827707 
163 1 0.0058395158947175 
164 1 0.0056596196837885 
166 1 0.0058448473688701 
169 2 0.0058379429816662 
173 3 0.0057667745361115 
174 1 0.0056819741777340 
175 2 0.0056541402178149 
178 1 0.0056515134821007 
181 1 0.0056106726477609 
187 1 0.0056828254476740 
188 1 0.0056481365515546 
190 2 0.0057143455459254 
191 2 0.0057411426489020 
194 1 0.0057683504690546 
196 2 0.0058636417117736 
203 1 0.0057017826186940 
207 1 0.0056943201392121 
208 1 0.0057833791172816 
212 1 0.0057646699834885 
215 1 0.0056715793110939 
220 1 0.0058219992654710 
224 1 0.0058959349984247 
225 1 0.0057718588634755 
233 1 0.0058333422218142 
239 1 0.0057826078994872 
241 1 0.0057716853703327 
242 1 0.0057671508816246 
245 1 0.0057371183342671 
252 1 0.0058181926385846 
261 1 0.0057868470427387 
296 1 0.0058147658313857 
315 1 0.0055799269941781 
349 1 0.0055901848852930 
351 1 0.0056031163461738 
352 1 0.0056031744327414 
355 1 0.0055975913356944 
395 1 0.0055358369437956 
477 1 0.0030497423362546 
