10 100000
0.0007355336950161988
0.06918619907747088
0.01635949655935392
2.2064014887296193e-05
0.050115561458556855
1.9783111749464354e-05
0.0011771943936517936
0.18442071290974943
0.00011321777697776496
0.08179327512351175
0.3086734693877551 0.01399550645946452 0.6530612244897959 0.0 0.9183673469387755 0.024063356685957965 0.08282611290130087 0.0 0.3877551020408163 0.007664604303259766 
0.01399550645946452 0.00010545186122535063 0.0 8.924427944168779e-06 0.0 0.0016945091058469123 0.0012071463061323032 0.00017956838290508994 0.0 0.000124538170949396 
0.6530612244897959 0.0 0.0 1.0 1.0 0.664179104477612 0.0 0.0 1.0 0.0 
0.0 8.924427944168779e-06 1.0 0.0 0.0 0.0 0.0 0.0 0.0 0.0 
0.9183673469387755 0.0 1.0 0.0 0.0 0.08955223880597014 0.7076023391812866 0.0 1.0 1.0 
0.024063356685957965 0.0016945091058469123 0.664179104477612 0.0 0.08955223880597014 0.040623947929525304 0.0003054900933926857 0.00535135709353588 0.3805970149253731 3.3767812521104886e-05 
0.08282611290130087 0.0012071463061323032 0.0 0.0 0.7076023391812866 0.0003054900933926857 0.03384932920536636 0.0 0.0 0.0004233812283347887 
0.0 0.00017956838290508994 0.0 0.0 0.0 0.00535135709353588 0.0 0.0004821080810195317 0.20462633451957296 0.0 
0.3877551020408163 0.0 1.0 0.0 1.0 0.3805970149253731 0.0 0.20462633451957296 1.0 0.0 
0.007664604303259766 0.000124538170949396 0.0 0.0 1.0 3.3767812521104886e-05 0.0004233812283347887 0.0 0.0 0.00016454134101192923 
49
436
1
257
1
134
171
562
2
221
