100000
1 60 0.0000560045938057 
2 66 0.0000567979227552 
3 67 0.0000581063828331 
4 109 0.0000594876011459 
5 84 0.0000614609550629 
6 65 0.0000635345092187 
7 64 0.0000655431647749 
8 69 0.0000675403787093 
9 58 0.0000696182494732 
10 70 0.0000716442725263 
11 71 0.0000737517288862 
12 49 0.0000759714544750 
13 46 0.0000781381959505 
14 50 0.0000802617764219 
15 57 0.0000823769056761 
16 38 0.0000845879160306 
17 47 0.0000866962189803 
18 53 0.0000888140644995 
19 42 0.0000909931487347 
20 31 0.0000931947256033 
21 52 0.0000952560847772 
22 34 0.0000974466421566 
23 32 0.0000995954821361 
24 31 0.0001017252490283 
25 34 0.0001038213559124 
26 30 0.0001059397991006 
27 30 0.0001080329738192 
28 17 0.0001102277479875 
29 24 0.0001122286546778 
30 25 0.0001142747253536 
31 25 0.0001163195552480 
32 27 0.0001183481565506 
33 18 0.0001204585590801 
34 30 0.0001224104136501 
35 25 0.0001244768108907 
36 19 0.0001265663464719 
37 16 0.0001286396768471 
38 21 0.0001306256041735 
39 12 0.0001327867495890 
40 23 0.0001346905873254 
41 10 0.0001369289304011 
42 15 0.0001388494912311 
43 11 0.0001409717784594 
44 12 0.0001429856353496 
45 12 0.0001450361285316 
46 10 0.0001471445888493 
47 14 0.0001491262686940 
48 7 0.0001514333925134 
49 12 0.0001533230177076 
50 13 0.0001554375527278 
51 10 0.0001576580973619 
52 8 0.0001598726029222 
53 9 0.0001619789700170 
54 17 0.0001640741541151 
55 7 0.0001666130981533 
56 6 0.0001688809785412 
57 10 0.0001709317080503 
58 5 0.0001735176114798 
59 8 0.0001755700201453 
60 10 0.0001778887699848 
61 9 0.0001803818063349 
62 8 0.0001828992375204 
63 4 0.0001857078045479 
64 4 0.0001880932289932 
65 6 0.0001903080529704 
66 3 0.0001933043596201 
67 5 0.0001954082817497 
68 4 0.0001981421028283 
69 6 0.0002005513161018 
70 6 0.0002033323203366 
71 3 0.0002065872799309 
72 6 0.0002088917493950 
73 4 0.0002120569392854 
74 6 0.0002147884575854 
75 18 0.0002181262425578 
76 4 0.0002224512367339 
77 2 0.0002262921597833 
78 6 0.0002285254412674 
79 3 0.0002324397790314 
80 4 0.0002355610557362 
81 3 0.0002392905810084 
82 5 0.0002425141094813 
83 20 0.0002470688749970 
84 3 0.0002530811840258 
85 1 0.0002589307045139 
86 3 0.0002606680518972 
87 1 0.0002667526217773 
89 5 0.0002722554455722 
90 2 0.0002778841714962 
91 3 0.0002819289136533 
92 5 0.0002866126793628 
93 1 0.0002943189279632 
94 3 0.0002970744953269 
95 1 0.0003044555082063 
96 18 0.0003090307257556 
97 1 0.0003205212473929 
98 1 0.0003261103375968 
99 3 0.0003299565450117 
100 1 0.0003387463942038 
103 1 0.0003573172901781 
104 3 0.0003623761996777 
106 1 0.0003798116258473 
109 2 0.0004018805810447 
111 1 0.0004221406275619 
112 1 0.0004321768429988 
113 1 0.0004427467021646 
115 2 0.0004629994602330 
116 2 0.0004764849942935 
117 3 0.0004907154135541 
118 2 0.0005075982445640 
120 16 0.0005478318113130 
121 2 0.0005825364035287 
122 1 0.0006074874133856 
124 1 0.0006565160585729 
125 2 0.0006817782948042 
127 1 0.0007464708928450 
128 2 0.0007866014835582 
129 2 0.0008318661919959 
132 1 0.0009932512222345 
133 1 0.0010688618746118 
135 1 0.0012671380444302 
136 1 0.0014220699441693 
137 1 0.0016478767195471 
138 2 0.0020428481620562 
139 1 0.0030908380420018 
140 2 0.1348520336234452 
144 1 0.9944589696136216 
148 1 0.9968979596571675 
149 1 0.9972285768956978 
151 1 0.9977189553193142 
153 1 0.9980298880742874 
156 1 0.9983572262345264 
164 1 0.9988466799375433 
165 5 0.9989048184802245 
166 1 0.9989413334559630 
177 1 0.9992240239619475 
184 1 0.9993303392395885 
186 1 0.9993550744115862 
189 1 0.9993898253488933 
193 1 0.9994272238231854 
199 3 0.9994762483640459 
200 1 0.9994788924980361 
201 2 0.9994856767864583 
207 1 0.9995191564772536 
209 2 0.9995294710487153 
213 1 0.9995457715820408 
215 1 0.9995533699831853 
220 1 0.9995731704661515 
224 1 0.9995867754575596 
225 2 0.9995884460073280 
229 2 0.9995974510899615 
236 1 0.9996129820929407 
238 2 0.9996145823263048 
253 2 0.9996392128886035 
280 1 0.9996730434838692 
298 1 0.9996874209776300 
299 2 0.9996842036082136 
370 1 0.9996952622001226 
408 1 0.9996879203033969 
466 1 0.9996684705875057 
549 1 0.9996239941429041 
571 1 0.9996079880349252 
