100000
1 144 0.0000115035668037 
2 118 0.0000116941236997 
3 88 0.0000118692769822 
4 75 0.0000120453148924 
5 75 0.0000122295862345 
6 69 0.0000124419773069 
7 55 0.0000126956986916 
8 42 0.0000129875072624 
9 35 0.0000132990944672 
10 31 0.0000136233474474 
11 19 0.0000140424464537 
12 31 0.0000142665580408 
13 23 0.0000146596380998 
14 16 0.0000151013283159 
15 20 0.0000153854163938 
16 21 0.0000157254215164 
17 18 0.0000161239633437 
18 28 0.0000163886123520 
19 17 0.0000168800117585 
20 18 0.0000172466728109 
21 22 0.0000175848172951 
22 18 0.0000180290329029 
23 18 0.0000184305725755 
24 16 0.0000188699270780 
25 9 0.0000195054060324 
26 19 0.0000196448462843 
27 19 0.0000200562198959 
28 22 0.0000204409592127 
29 15 0.0000209614403772 
30 15 0.0000213929220073 
31 12 0.0000218994388992 
32 10 0.0000224063056343 
33 10 0.0000228411441298 
34 14 0.0000231544780176 
35 13 0.0000236099156717 
36 13 0.0000240444830897 
37 17 0.0000244058225978 
38 17 0.0000248424156716 
39 9 0.0000254923876583 
40 12 0.0000258313478415 
41 17 0.0000261802283205 
42 21 0.0000265797983797 
43 9 0.0000272727278612 
44 7 0.0000278521629561 
45 9 0.0000281954402626 
46 9 0.0000286531031599 
47 11 0.0000290362713571 
48 8 0.0000296146823303 
49 8 0.0000300725749820 
50 8 0.0000305294959952 
51 7 0.0000310476664032 
52 11 0.0000313235651217 
53 8 0.0000318935364454 
54 12 0.0000322073310705 
55 7 0.0000328620693017 
56 10 0.0000331786049481 
57 8 0.0000337189836945 
58 9 0.0000341338148083 
59 5 0.0000348806123250 
60 9 0.0000350591495774 
61 3 0.0000362182796225 
62 10 0.0000359509557141 
63 10 0.0000364112020645 
64 5 0.0000371835399655 
65 12 0.0000372911649771 
66 12 0.0000377581888830 
67 5 0.0000385829261842 
68 11 0.0000387310112093 
69 5 0.0000395335350591 
70 9 0.0000397508405666 
71 9 0.0000402348184773 
72 7 0.0000408147910208 
73 4 0.0000416114741960 
74 7 0.0000417918242760 
75 9 0.0000421954889876 
76 3 0.0000433195918993 
77 9 0.0000431893971125 
78 6 0.0000438498516382 
79 3 0.0000448124030831 
80 2 0.0000457613548860 
81 1 0.0000475893983123 
82 3 0.0000462847745160 
83 8 0.0000462233835507 
84 6 0.0000468520455498 
85 1 0.0000495606672161 
86 3 0.0000483000161643 
87 5 0.0000484543470121 
88 9 0.0000487476682131 
89 5 0.0000495189383377 
90 5 0.0000500479103917 
91 4 0.0000507080036448 
92 2 0.0000518738593661 
93 4 0.0000517523623450 
94 3 0.0000524961676345 
95 1 0.0000546912218053 
96 3 0.0000535336122539 
97 5 0.0000537390525730 
98 6 0.0000542204029215 
99 5 0.0000548778755060 
100 3 0.0000557729602493 
101 2 0.0000567306082494 
102 5 0.0000565489158240 
103 1 0.0000590664891653 
104 9 0.0000574878469524 
105 3 0.0000586602694366 
106 4 0.0000590438699205 
107 6 0.0000594640684988 
108 2 0.0000608902223367 
109 4 0.0000608807923699 
110 4 0.0000615090617245 
111 4 0.0000621459546087 
112 7 0.0000625715871537 
113 4 0.0000635309700796 
114 2 0.0000647723051560 
115 4 0.0000648183808970 
116 6 0.0000653380291027 
117 2 0.0000668381113158 
118 2 0.0000674764073380 
119 3 0.0000677428409797 
120 1 0.0000699670942813 
121 1 0.0000705796637980 
122 6 0.0000693441027341 
123 5 0.0000702510226650 
124 3 0.0000713463804745 
125 2 0.0000724598941492 
126 3 0.0000727958131687 
127 3 0.0000735619742953 
128 7 0.0000740022724128 
129 6 0.0000750628336078 
130 2 0.0000767344377401 
131 3 0.0000771404913511 
132 2 0.0000783481787534 
133 3 0.0000787800144407 
134 1 0.0000811480496680 
135 5 0.0000801570655719 
136 2 0.0000818159366490 
137 1 0.0000837888154936 
138 2 0.0000834265311685 
139 1 0.0000854167007938 
140 5 0.0000845096155327 
141 4 0.0000857661184560 
142 2 0.0000873772986346 
143 4 0.0000878247807229 
145 2 0.0000902239188151 
146 2 0.0000912058110903 
147 1 0.0000933207857568 
148 3 0.0000927624114443 
149 1 0.0000953709529313 
150 4 0.0000947178317517 
152 2 0.0000973330616966 
153 1 0.0000995502790019 
154 2 0.0000994189906234 
155 1 0.0001016716028616 
157 1 0.0001035140832501 
158 1 0.0001045394971843 
159 2 0.0001044903432453 
160 3 0.0001054351221317 
161 3 0.0001069094898369 
162 3 0.0001084272429129 
163 2 0.0001102838208241 
164 1 0.0001127536426179 
165 1 0.0001139293246349 
166 4 0.0001136744020950 
167 1 0.0001170944225024 
168 5 0.0001169212839097 
169 2 0.0001196321164108 
170 3 0.0001209741976773 
171 16 0.0001242886392061 
173 5 0.0001305257279367 
174 2 0.0001338431542456 
176 2 0.0001371324738417 
177 2 0.0001392555324551 
178 3 0.0001412191106026 
179 2 0.0001441642597441 
183 2 0.0001507483215983 
184 1 0.0001543770312813 
185 2 0.0001553343315055 
186 3 0.0001578568687191 
187 1 0.0001625120104656 
188 1 0.0001647543341837 
191 1 0.0001703808656929 
192 1 0.0001728074406961 
193 4 0.0001742897727043 
194 1 0.0001802528676013 
195 2 0.0001818999929675 
197 2 0.0001875050983594 
198 1 0.0001923958173925 
199 1 0.0001954189897088 
200 1 0.0001985273457557 
201 1 0.0002017245932700 
202 2 0.0002040291216528 
204 3 0.0002109993277784 
205 1 0.0002180161041262 
206 4 0.0002214109981486 
207 2 0.0002290724067178 
209 1 0.0002385314182992 
212 1 0.0002489408516231 
213 1 0.0002537839618829 
217 4 0.0002691190828361 
218 1 0.0002809001988751 
219 1 0.0002869582533356 
220 1 0.0002932623984720 
221 1 0.0002998279800941 
222 2 0.0003061336939466 
223 1 0.0003167737045991 
224 2 0.0003239395427303 
226 1 0.0003406183505365 
228 2 0.0003543972093799 
232 1 0.0003857681876940 
233 1 0.0003967760826966 
234 4 0.0004128153077496 
236 2 0.0004463865448802 
237 1 0.0004671012871491 
239 1 0.0004922870076297 
240 1 0.0005099480876441 
243 2 0.0005527965660419 
245 1 0.0005964155745683 
246 1 0.0006220868065555 
255 6 0.0008447320771586 
257 1 0.0010121082958584 
258 1 0.0010863811566324 
260 5 0.0013216479401094 
262 6 0.0020298502993013 
263 2 0.0033318326125786 
264 2 0.0057651790413942 
265 2 0.0288647541022008 
267 1 0.9865757184575624 
268 1 0.9952498401137189 
269 1 0.9964057044114433 
270 4 0.9975011337927324 
271 3 0.9981624369176868 
275 1 0.9986144544911814 
276 1 0.9987179883504900 
279 1 0.9988859104593852 
282 2 0.9990302696897646 
285 1 0.9991308643391508 
286 1 0.9991685926786967 
288 1 0.9992204973205543 
293 1 0.9993089708779392 
295 2 0.9993509703397464 
301 1 0.9995027589200099 
309 3 0.9995500603313831 
312 16 0.9995501798376640 
313 1 0.9995173340000245 
315 1 0.9995199327417804 
317 3 0.9995171042235593 
320 1 0.9995118460866487 
321 2 0.9995055221688189 
326 1 0.9995108319780731 
333 2 0.9995257965371331 
337 1 0.9995236063610159 
339 1 0.9995187539205037 
341 1 0.9995108282065777 
347 1 0.9995157388452387 
348 1 0.9995055770972908 
349 1 0.9994944195035155 
352 2 0.9994796555010591 
359 1 0.9994714415238601 
369 1 0.9994739164593487 
370 2 0.9994491806071597 
373 1 0.9994236558079325 
399 1 0.9994347623635734 
405 1 0.9993780624341321 
406 2 0.9993632118495820 
410 1 0.9993354408213945 
411 1 0.9993239762756454 
412 1 0.9993120433289036 
419 17 0.9991880236017762 
472 2 0.9988243021764346 
