100000
1 116 0.0000116763310121 
2 80 0.0000119515631068 
3 79 0.0000121902797794 
4 50 0.0000124413812787 
5 61 0.0000126729289682 
6 47 0.0000129254107480 
7 45 0.0000131841411833 
8 43 0.0000134556031714 
9 37 0.0000137441034901 
10 25 0.0000140499725849 
11 34 0.0000143449043371 
12 27 0.0000146643954908 
13 27 0.0000149886342524 
14 25 0.0000153249926602 
15 34 0.0000156622508470 
16 30 0.0000160283489921 
17 28 0.0000164107994837 
18 25 0.0000168099431432 
19 17 0.0000172316226366 
20 20 0.0000176411478308 
21 17 0.0000180693593446 
22 17 0.0000184980134437 
23 18 0.0000189302409399 
24 15 0.0000193792148632 
25 19 0.0000198172935249 
26 13 0.0000202887414584 
27 16 0.0000207414801648 
28 14 0.0000212151450830 
29 13 0.0000216936571231 
30 11 0.0000221836788497 
31 12 0.0000226651535343 
32 9 0.0000231735102084 
33 16 0.0000236380148788 
34 22 0.0000241232287015 
35 12 0.0000246590982721 
36 10 0.0000251974047972 
37 3 0.0000258681378401 
38 16 0.0000262524378168 
39 6 0.0000268556337173 
40 12 0.0000273616013754 
41 13 0.0000279137089373 
42 11 0.0000284888855467 
43 12 0.0000290628271002 
44 9 0.0000296686666012 
45 15 0.0000302417540802 
46 10 0.0000308705728925 
47 10 0.0000314971743100 
48 11 0.0000321293776431 
49 10 0.0000327840548572 
50 4 0.0000335309324165 
51 8 0.0000341443990754 
52 8 0.0000348304078779 
53 6 0.0000355522725340 
54 9 0.0000362345599791 
55 10 0.0000369507433451 
56 3 0.0000378134903396 
57 7 0.0000384747155467 
58 9 0.0000392257698387 
59 11 0.0000399976383708 
60 2 0.0000410122823402 
61 5 0.0000416889726165 
62 8 0.0000424898426092 
63 5 0.0000433865727205 
64 12 0.0000442038212412 
65 9 0.0000451194013452 
66 2 0.0000462456431996 
67 5 0.0000470485782451 
68 5 0.0000480224018207 
69 3 0.0000490870587990 
70 5 0.0000500414890124 
71 6 0.0000510720199885 
72 4 0.0000521903460438 
73 5 0.0000532703374311 
74 8 0.0000543707150631 
75 7 0.0000555572364377 
76 8 0.0000567660042628 
77 6 0.0000580470669415 
78 2 0.0000595091395756 
79 5 0.0000606847859883 
80 2 0.0000622085231263 
81 1 0.0000638672075161 
82 7 0.0000648823416388 
83 9 0.0000663976026778 
84 4 0.0000680576596443 
85 3 0.0000697256161046 
86 7 0.0000713200366492 
87 6 0.0000731120117334 
88 3 0.0000750338222421 
89 2 0.0000770030991449 
90 4 0.0000788238933034 
91 5 0.0000808536100915 
92 2 0.0000831504200143 
93 3 0.0000852599032690 
94 7 0.0000874962380277 
95 2 0.0000901481580215 
96 10 0.0000925182954529 
97 7 0.0000953559065006 
98 6 0.0000982890209671 
99 4 0.0001013720432371 
100 3 0.0001045647538906 
101 6 0.0001078122636942 
102 2 0.0001115428098073 
103 2 0.0001151685948542 
104 6 0.0001188844945601 
105 4 0.0001231733655970 
106 10 0.0001277166142871 
107 1 0.0001332176253978 
108 2 0.0001377841275518 
109 4 0.0001429635191829 
110 10 0.0001489723674983 
111 5 0.0001557464616874 
112 3 0.0001627223242161 
113 3 0.0001700335974917 
114 3 0.0001779599281440 
115 2 0.0001866456555770 
116 4 0.0001958394435451 
117 3 0.0002063375214064 
119 1 0.0002300205739768 
120 2 0.0002430552275539 
121 4 0.0002583520345047 
122 2 0.0002762193712436 
123 3 0.0002958763599898 
124 2 0.0003193372484944 
125 1 0.0003455622029375 
127 1 0.0004095396759428 
128 2 0.0004513547856844 
130 3 0.0005699698271006 
131 2 0.0006609235017738 
132 1 0.0007871967999594 
135 1 0.0020587485070509 
136 3 0.2261382275949233 
137 1 0.9971321804103027 
138 2 0.9985268815089636 
139 2 0.9990050380311114 
141 18 0.9993974495105352 
142 2 0.9994984608708097 
143 3 0.9995663962319933 
145 3 0.9996560717516394 
148 1 0.9997337668025044 
149 14 0.9997510656041585 
150 3 0.9997639372761319 
151 19 0.9997729989072757 
152 1 0.9997791991192203 
155 1 0.9998093061948907 
156 2 0.9998170369940359 
157 2 0.9998233854403576 
158 3 0.9998289385529683 
162 1 0.9998493656535490 
163 1 0.9998533768954526 
164 2 0.9998571142193623 
165 1 0.9998600979630675 
166 1 0.9998631781398846 
173 1 0.9998822755051637 
177 1 0.9998901664729014 
178 2 0.9998916288426684 
180 1 0.9998943176024522 
181 1 0.9998955470138193 
184 1 0.9998995673876129 
187 1 0.9999030968958580 
189 1 0.9999050987912195 
192 1 0.9999079676215518 
197 1 0.9999123046031840 
204 1 0.9999174118493789 
206 1 0.9999184419198690 
209 1 0.9999200025185194 
211 1 0.9999208401260453 
222 1 0.9999260001215554 
237 2 0.9999312162957774 
242 1 0.9999321120858504 
413 1 0.9999494384359807 
549 1 0.9999414063731150 
