100000
1 159 0.0005006914051044 
2 120 0.0005488095664288 
3 72 0.0005949673272271 
4 62 0.0006347260962277 
5 54 0.0006716869735401 
6 40 0.0007071904941091 
7 22 0.0007411799917270 
8 29 0.0007706173115381 
9 22 0.0007997501113011 
10 21 0.0008271458126629 
11 20 0.0008535492216941 
12 20 0.0008791380151967 
13 19 0.0009043452235860 
14 16 0.0009294236106577 
15 12 0.0009543820866642 
16 12 0.0009781618499919 
17 18 0.0010006971463999 
18 15 0.0010243093559046 
19 14 0.0010477567451909 
20 10 0.0010717626872361 
21 15 0.0010940446370226 
22 14 0.0011172522248480 
23 13 0.0011406205219686 
24 5 0.0011667024843925 
25 8 0.0011883995845344 
26 14 0.0012101489484735 
27 7 0.0012346832959633 
28 11 0.0012567561724639 
29 17 0.0012789914534788 
30 11 0.0013029760981556 
31 13 0.0013264256243758 
32 9 0.0013511460300950 
33 14 0.0013745656151113 
34 15 0.0013987062593830 
35 12 0.0014237893803406 
36 13 0.0014488716330293 
37 15 0.0014740761585587 
38 14 0.0014999621802359 
39 14 0.0015262644778151 
40 13 0.0015531673110219 
41 11 0.0015808106599348 
42 10 0.0016088854331744 
43 8 0.0016377003109181 
44 14 0.0016651260458910 
45 5 0.0016962057010182 
46 9 0.0017242808449643 
47 7 0.0017543829058400 
48 9 0.0017836809531392 
49 7 0.0018142882301720 
50 6 0.0018452625085316 
51 9 0.0018750206355126 
52 7 0.0019064005439042 
53 7 0.0019377593284751 
54 7 0.0019694130287370 
55 7 0.0020013789468648 
56 6 0.0020341317749593 
57 8 0.0020660904898858 
58 8 0.0020989024677108 
59 10 0.0021315943890084 
60 6 0.0021664318775248 
61 5 0.0022016138042169 
62 4 0.0022375488288612 
63 5 0.0022722768924903 
64 6 0.0023074189339436 
65 3 0.0023461288567548 
66 7 0.0023797536490628 
67 4 0.0024182041894841 
68 9 0.0024532565907183 
69 7 0.0024913071138056 
70 7 0.0025296939910568 
71 5 0.0025697022734127 
72 5 0.0026095248362259 
73 4 0.0026506706714293 
74 9 0.0026894034374338 
75 5 0.0027323330360410 
76 9 0.0027733833892550 
77 3 0.0028199651058481 
78 3 0.0028638058041099 
79 6 0.0029057861829477 
80 8 0.0029506075344233 
81 5 0.0029981692426184 
82 5 0.0030453002013163 
83 6 0.0030929047442091 
84 11 0.0031417072791002 
85 5 0.0031947024377196 
86 3 0.0032478068434662 
87 4 0.0032982850047789 
88 4 0.0033511268750352 
89 6 0.0034042393369414 
90 1 0.0034714406665227 
91 4 0.0035149491965967 
92 7 0.0035712923416387 
93 3 0.0036332486595485 
94 8 0.0036909437690935 
95 4 0.0037559574932652 
96 4 0.0038184777460194 
97 2 0.0038849888184389 
98 3 0.0039455422836880 
99 2 0.0040124032837112 
100 3 0.0040752237571065 
101 5 0.0041422749647287 
102 3 0.0042152421965331 
104 5 0.0043517665845373 
105 4 0.0044288670464432 
106 3 0.0045062787374426 
107 4 0.0045828999438648 
108 5 0.0046648234776624 
109 5 0.0047515977973332 
110 8 0.0048449738810296 
111 4 0.0049438129687709 
113 4 0.0051162372990302 
114 6 0.0052167130957652 
115 3 0.0053228685132580 
116 3 0.0054224128061343 
117 3 0.0055247612570538 
118 1 0.0056359361278681 
119 2 0.0057265209519800 
120 1 0.0058365250091851 
121 1 0.0059368731647835 
122 3 0.0060343658011084 
123 5 0.0061585005800438 
124 5 0.0062976042960077 
125 3 0.0064368433779693 
127 2 0.0066779404533052 
128 2 0.0068085429794507 
129 3 0.0069450227819657 
130 2 0.0070921585099742 
131 1 0.0072385923593640 
132 3 0.0073730734710128 
133 1 0.0075370857120661 
134 2 0.0076769179483854 
135 2 0.0078376266435220 
136 2 0.0080035094570932 
137 4 0.0081861958958421 
138 6 0.0084145558675016 
139 5 0.0086675600209918 
140 1 0.0089008646554788 
141 3 0.0090927671738882 
142 1 0.0093193112013252 
143 4 0.0095366358717472 
144 1 0.0097948503080438 
146 1 0.0101984924621004 
147 1 0.0104228739144295 
148 5 0.0106996886628608 
149 2 0.0110318261166144 
150 4 0.0113520512489576 
151 2 0.0117004908005452 
152 1 0.0120115327445514 
153 2 0.0123118961092477 
154 3 0.0126785061688483 
156 2 0.0133517784960692 
157 3 0.0137717905575324 
158 3 0.0142488607991790 
159 2 0.0147275512405438 
160 1 0.0151738363990878 
162 3 0.0160111233751270 
163 2 0.0165920194613914 
164 2 0.0171606932084714 
165 3 0.0178052369380898 
166 2 0.0185012994339714 
167 1 0.0191431702214941 
168 1 0.0199349583424632 
169 2 0.0206225910433229 
171 4 0.0221421079939556 
172 4 0.0233681576319340 
173 3 0.0246301227732440 
174 1 0.0257418581325903 
175 1 0.0267108857831440 
176 4 0.0280475867378240 
177 3 0.0297749224612388 
178 1 0.0312946110709353 
179 2 0.0327598259311588 
180 2 0.0345166490605600 
183 2 0.0391269354071160 
184 2 0.0414741998321004 
185 2 0.0440582525287076 
186 3 0.0471924586880716 
188 1 0.0525552322151534 
190 2 0.0584608002495829 
191 3 0.0634511127567126 
192 2 0.0691579838095444 
193 1 0.0744543529862228 
194 3 0.0811088923337156 
197 1 0.0992132728193474 
198 3 0.1128012273272311 
199 1 0.1251832926580082 
200 3 0.1397182879125600 
201 1 0.1565402937831020 
202 2 0.1742101851652210 
203 2 0.1969530542221700 
204 1 0.2203284736522391 
205 2 0.2473051041635373 
206 2 0.2812115886482733 
209 1 0.3635707281103840 
211 3 0.4355293698731726 
212 1 0.4811880919137815 
213 1 0.5287309133818614 
214 1 0.5620711818940290 
215 1 0.5934815072441317 
219 1 0.6861717205631587 
221 2 0.7240993557389735 
223 2 0.7617082778510613 
226 1 0.7943451055601723 
227 1 0.8047539677558925 
229 4 0.8262494256260626 
230 1 0.8350928498919442 
233 2 0.8519923629672227 
234 2 0.8577184226658733 
236 1 0.8663358647888542 
240 3 0.8806329861810961 
241 1 0.8835639660674046 
244 1 0.8916269925657948 
246 1 0.8963076522232515 
247 1 0.8983635630470795 
249 2 0.9037892473799567 
250 2 0.9046877626608318 
251 1 0.9055406253267827 
254 1 0.9099832514119018 
255 1 0.9109020381409973 
257 1 0.9132247906531821 
258 1 0.9139305132442204 
261 3 0.9166774712237491 
269 1 0.9241341063144054 
271 1 0.9251408930236485 
272 1 0.9251043458422622 
275 2 0.9263337726097123 
285 1 0.9326018739516535 
286 1 0.9322443260982045 
287 1 0.9318149097107558 
289 1 0.9319954555466979 
293 1 0.9329596282778332 
297 1 0.9336420186435821 
299 3 0.9316891315583384 
302 1 0.9297247724945873 
303 1 0.9280528802783412 
304 1 0.9264455303312548 
313 1 0.9284393335860933 
320 1 0.9278111368189574 
323 1 0.9265789305258677 
324 1 0.9248517976631551 
326 2 0.9223008501835833 
354 1 0.9227937922766697 
360 1 0.9214546163056974 
364 1 0.9192097213676257 
380 1 0.9160500543785199 
381 1 0.9141759441004975 
382 1 0.9122148592159769 
414 1 0.9025411808549844 
426 1 0.8969715290930289 
440 1 0.8901027621540163 
446 1 0.8849234486181746 
479 1 0.8460504869153197 
565 1 0.5747954349065514 
913 1 0.0374864985285970 
