100000
1 1153 0.2267943690524814 
2 250 0.0000130454181590 
3 123 0.0000149227076939 
4 59 0.0000164822591270 
5 40 0.0000178213085683 
6 24 0.0000190125722828 
7 14 0.0000200837905817 
8 14 0.0000210511020266 
9 9 0.0000219436767257 
10 4 0.0000227686065279 
11 10 0.0000235258765495 
12 12 0.0000242446097953 
13 5 0.0000249418006898 
14 4 0.0000256037671909 
15 4 0.0000262325861862 
16 8 0.0000268321849863 
17 7 0.0000274200375686 
18 5 0.0000279979941411 
19 2 0.0000285634045632 
20 2 0.0000291082974109 
21 2 0.0000296340157985 
22 4 0.0000301430340960 
23 2 0.0000306501591710 
24 1 0.0000311523120149 
25 4 0.0000316372995859 
26 4 0.0000321166199574 
27 1 0.0000325958490476 
28 3 0.0000330632105814 
29 2 0.0000335258026218 
30 2 0.0000339824255584 
31 1 0.0000344341413760 
32 4 0.0000348740642761 
33 2 0.0000353161359650 
34 1 0.0000357582051916 
35 1 0.0000361943956577 
37 1 0.0000370463073336 
39 2 0.0000378649684562 
40 4 0.0000382591391376 
41 6 0.0000386537892538 
42 3 0.0000390683305380 
45 3 0.0000403540421757 
46 1 0.0000407751743535 
47 1 0.0000411998092855 
48 1 0.0000416221925785 
49 1 0.0000420425684998 
50 2 0.0000424571676787 
51 1 0.0000428749815372 
53 2 0.0000437142973092 
54 1 0.0000441294693392 
55 1 0.0000445490771269 
57 1 0.0000453952680501 
60 1 0.0000466506996450 
63 2 0.0000478732202898 
71 1 0.0000510882720964 
75 1 0.0000526245991473 
80 1 0.0000545140175343 
84 1 0.0000559917885990 
87 2 0.0000570632709700 
105 1 0.0000635207128346 
106 1 0.0000638021085088 
109 1 0.0000647880272271 
116 1 0.0000671595891762 
117 1 0.0000674201399134 
135 1 0.0000734675695392 
158 1 0.0000806350936322 
165 1 0.0000825614378950 
218 1 0.0000972183389198 
382 1 0.0001299256828536 
403 1 0.0001312454147692 
