100000
1 75 0.0000007626140419 
2 98 0.0000007551489879 
3 93 0.0000007476652407 
4 99 0.0000007401566949 
5 93 0.0000007326232738 
6 98 0.0000007250630405 
7 98 0.0000007174759012 
8 111 0.0000007098609900 
9 100 0.0000007022184277 
10 95 0.0000006945463721 
11 81 0.0000006868437325 
12 82 0.0000006791090589 
13 79 0.0000006713417784 
14 87 0.0000006635410313 
15 106 0.0000006557062934 
16 82 0.0002098743835371 
17 76 0.0002169076025199 
18 73 0.0002259800066470 
19 72 0.0002364048156680 
20 63 0.0002477936172637 
21 52 0.0002596985851010 
22 63 0.0002716904491114 
23 53 0.0002840409918650 
24 60 0.0002964849801713 
25 55 0.0003091770796458 
26 56 0.0003220210229843 
27 49 0.0003350627835215 
28 37 0.0003482415291363 
29 38 0.0003613225713453 
30 40 0.0003743101189742 
31 38 0.0003873014397843 
32 44 0.0004002612010888 
33 35 0.0004133784078034 
34 43 0.0004264887161602 
35 36 0.0004397508498393 
36 43 0.0004530561431352 
37 43 0.0004664811022917 
38 44 0.0004800823593128 
39 29 0.0004940505181004 
40 27 0.0005081946087878 
41 29 0.0005223242671214 
42 21 0.0005365798622596 
43 29 0.0005507691180979 
44 21 0.0005650553144547 
45 19 0.0005794795625910 
46 24 0.0005938291989343 
47 24 0.0006081641939003 
48 24 0.0006225806513019 
49 33 0.0006369016960910 
50 25 0.0006514379574131 
51 20 0.0006663786040407 
52 19 0.0006815232385510 
53 15 0.0006968653572812 
54 23 0.0007121193878588 
55 23 0.0007273011456550 
56 18 0.0007427827519859 
57 23 0.0007583448640403 
58 15 0.0007741855495354 
59 11 0.0007905162578715 
60 18 0.0008067709205772 
61 18 0.0008229036361123 
62 16 0.0008392613295723 
63 23 0.0008555149427572 
64 13 0.0008721344108965 
65 20 0.0008889694904460 
66 22 0.0009055477466047 
67 13 0.0009227072819689 
68 16 0.0009402920308443 
69 14 0.0009579894679386 
70 17 0.0009757620809224 
71 18 0.0009934601951771 
72 15 0.0010114786528896 
73 10 0.0010302177309802 
74 10 0.0010494515124983 
75 8 0.0010690035480463 
76 15 0.0010882912021566 
77 10 0.0011076438631688 
78 11 0.0011275024913449 
79 16 0.0011469915301983 
80 8 0.0011670138150549 
81 4 0.0011884094709577 
82 12 0.0012095553432318 
83 17 0.0012295206585159 
84 12 0.0012497387149423 
85 10 0.0012709833310448 
86 9 0.0012928198501000 
87 5 0.0013155536382122 
88 9 0.0013385193482362 
89 9 0.0013612082059736 
90 7 0.0013844665943953 
91 9 0.0014079925409450 
92 10 0.0014313309020848 
93 11 0.0014546169861957 
94 7 0.0014787221637366 
95 9 0.0015034705848225 
96 11 0.0015277838938243 
97 8 0.0015526115844480 
98 5 0.0015789843673282 
99 11 0.0016050619228937 
100 10 0.0016304086556183 
101 4 0.0016577038368136 
102 9 0.0016856056747551 
103 6 0.0017134557440340 
104 6 0.0017424942749266 
105 7 0.0017717274780016 
106 9 0.0018005780732277 
107 9 0.0018292844405284 
108 6 0.0018593309539451 
109 9 0.0018898422412238 
110 4 0.0019215250022098 
111 1 0.0019565127752951 
112 7 0.0019911642552261 
113 8 0.0020239164990037 
114 4 0.0020584295620441 
115 10 0.0020927854950756 
116 6 0.0021269658948706 
117 9 0.0021621925269824 
119 4 0.0022427249515497 
120 5 0.0022832577271730 
121 6 0.0023237343624739 
122 12 0.0023613766076958 
123 11 0.0023970145114852 
124 9 0.0024349993866117 
125 5 0.0024772376058267 
126 6 0.0025222971147235 
127 4 0.0025691747942713 
128 5 0.0026180208945516 
129 4 0.0026683025421838 
130 6 0.0027193710521389 
131 6 0.0027704533351759 
132 4 0.0028246571101148 
133 3 0.0028831552414543 
134 3 0.0029446832801768 
135 7 0.0030048045758863 
136 4 0.0030661058735300 
137 5 0.0031317306578589 
138 2 0.0032021967932678 
139 5 0.0032757422854027 
140 3 0.0033514021489334 
141 7 0.0034278965681939 
142 7 0.0035023077311040 
144 1 0.0036929752297156 
145 3 0.0037971243425996 
146 5 0.0039003677151729 
147 6 0.0040038434949278 
148 3 0.0041181845653331 
149 1 0.0042527033043825 
150 2 0.0044012869998427 
151 5 0.0045512053063601 
152 4 0.0047078335986736 
153 2 0.0048906488429780 
154 4 0.0050935863666385 
155 5 0.0053059902408533 
156 6 0.0055331456864053 
157 1 0.0058180126096758 
158 5 0.0061599215216620 
159 3 0.0065529799973222 
160 6 0.0070274094288438 
161 4 0.0076272620117882 
162 2 0.9019795200304774 
163 1 0.9997259981350458 
164 4 0.9998468740455307 
165 5 0.9998840968906251 
166 4 0.9999050548821938 
167 2 0.9999194534512833 
168 5 0.9999294243124387 
169 3 0.9999350001859678 
170 3 0.9999407998010101 
171 3 0.9999453219607819 
172 3 0.9999489604104853 
173 6 0.9999519102023863 
174 2 0.9999542253935128 
175 2 0.9999565044522102 
176 4 0.9999585175443334 
177 4 0.9999601409274282 
178 5 0.9999616026472491 
179 3 0.9999628650968060 
180 2 0.9999640062851890 
181 2 0.9999650862124474 
182 5 0.9999661473169602 
183 3 0.9999669944140895 
184 3 0.9999678072922589 
185 4 0.9999685798215326 
186 4 0.9999692789595448 
187 4 0.9999699300777175 
188 4 0.9999705378005184 
189 3 0.9999710808225202 
190 6 0.9999716564362301 
191 4 0.9999721560835008 
192 2 0.9999725610785999 
193 3 0.9999730078726682 
194 1 0.9999732741994618 
195 4 0.9999737716413075 
196 2 0.9999740864521457 
197 3 0.9999744410978660 
198 5 0.9999747988169126 
199 2 0.9999750644044428 
200 1 0.9999752526867912 
201 4 0.9999756229552036 
202 2 0.9999758485832858 
203 2 0.9999760787933782 
204 1 0.9999762260093277 
205 4 0.9999765399855708 
207 3 0.9999769122165991 
209 1 0.9999771635202949 
210 1 0.9999773196268349 
211 1 0.9999774699856442 
217 1 0.9999782047843804 
220 1 0.9999785334562542 
221 1 0.9999786456397711 
222 1 0.9999787543520564 
223 1 0.9999788600316605 
224 1 0.9999789614464395 
226 1 0.9999791435442859 
229 1 0.9999793940544358 
231 1 0.9999795550599371 
234 2 0.9999798223467491 
235 1 0.9999798651424575 
245 1 0.9999804661791092 
254 1 0.9999809251570541 
291 1 0.9999822794848344 
294 1 0.9999823696872912 
347 1 0.9999835226463720 
547 1 0.9999854810888771 
755 1 0.9999862899832918 
792 1 0.9999863726667173 
1045 1 0.9999863063928430 
