100000
1 115 0.0000140783673826 
2 136 0.0000148265038943 
3 142 0.0000157876396468 
4 134 0.0000169394101038 
5 126 0.0000182442178959 
6 113 0.0000196858196690 
7 83 0.0000212384754804 
8 108 0.0000228136585517 
9 71 0.0000245147390826 
10 67 0.0000262383852715 
11 33 0.0000280046393709 
12 61 0.0000296971168602 
13 64 0.0000314145536034 
14 39 0.0000331938485407 
15 63 0.0000349461199938 
16 60 0.0000367334905821 
17 54 0.0000385651290310 
18 40 0.0000404436473497 
19 35 0.0000423431893048 
20 22 0.0000442733886281 
21 15 0.0000462225815401 
22 20 0.0000481397429766 
23 23 0.0000500456192314 
24 20 0.0000519681726054 
25 16 0.0000539225977964 
26 15 0.0000558987784473 
27 18 0.0000578770071196 
28 9 0.0000599369508804 
29 13 0.0000619936561575 
30 9 0.0000641175649094 
31 21 0.0000661848588632 
32 11 0.0000683465996672 
33 10 0.0000706002406552 
34 14 0.0000728658202970 
35 15 0.0000751651396252 
36 11 0.0000775662365565 
37 9 0.0000800831473205 
38 7 0.0000827176995521 
39 5 0.0000854892306019 
40 5 0.0000883512702866 
41 4 0.0000913544444083 
42 5 0.0000944267678394 
43 7 0.0000975712202858 
44 6 0.0001008700640110 
45 2 0.0001045600239425 
46 5 0.0001081433610133 
47 5 0.0001119773444080 
48 5 0.0001160069544123 
49 3 0.0001203802245063 
50 6 0.0001248120558807 
51 2 0.0001297990742848 
52 4 0.0001348781691753 
53 3 0.0001404196380268 
54 5 0.0001461649433065 
55 3 0.0001524637315992 
56 3 0.0001592887087681 
57 6 0.0001663172988987 
58 2 0.0001742934768263 
59 2 0.0001831448041694 
60 2 0.0001928362677230 
61 1 0.0002039460937043 
62 4 0.0002151349579515 
63 4 0.0002275490032643 
64 1 0.0002425217260622 
66 4 0.0002782663029633 
67 2 0.0002996261498411 
68 2 0.0003250568109740 
70 6 0.0003910402791927 
71 1 0.0004340437836998 
72 2 0.0004906834033699 
73 2 0.0005646911387792 
74 3 0.0006647763242557 
76 1 0.0011295712380072 
77 3 0.5498850491574583 
78 2 0.9983212226436294 
79 2 0.9990343898123486 
80 2 0.9993186884106816 
81 2 0.9994718181716817 
82 1 0.9995680856065164 
83 2 0.9996343938688093 
84 1 0.9996813580030571 
86 1 0.9997466376554153 
87 4 0.9997688264034214 
88 1 0.9997864995691893 
89 1 0.9998023284968591 
90 2 0.9998158779520593 
91 2 0.9998271960412526 
92 1 0.9998368882055634 
93 1 0.9998456499873466 
94 1 0.9998533692279431 
95 1 0.9998602219279501 
97 2 0.9998720506194251 
99 2 0.9998815241387653 
101 1 0.9998892666041599 
104 2 0.9998990540720315 
105 2 0.9999017817768915 
106 1 0.9999041992284941 
111 1 0.9999146588753880 
112 1 0.9999163907430482 
113 1 0.9999180184310048 
123 2 0.9999303908607369 
128 1 0.9999345894344083 
130 1 0.9999360593823420 
141 1 0.9999426668034334 
146 1 0.9999449450920475 
148 1 0.9999456980364760 
151 1 0.9999467473800134 
154 1 0.9999476891163633 
173 1 0.9999525136576496 
223 1 0.9999598963531906 
273 1 0.9999626702204104 
