100000
1 135 0.0007512558150521 
2 106 0.0008303318253952 
3 78 0.0009100315668399 
4 51 0.0009871744714684 
5 39 0.0010584247550303 
6 49 0.0011246619629433 
7 29 0.0011927209095372 
8 26 0.0012577960337124 
9 16 0.0013213319921940 
10 24 0.0013808160387913 
11 25 0.0014401497057368 
12 27 0.0014998587325032 
13 21 0.0015611811791528 
14 25 0.0016225179727481 
15 24 0.0016851723691623 
16 19 0.0017495461747331 
17 23 0.0018141748501654 
18 21 0.0018802570170087 
19 13 0.0019485639028207 
20 17 0.0020165629660865 
21 11 0.0020861804385749 
22 8 0.0021567085690858 
23 9 0.0022266706656550 
24 8 0.0022970313793704 
25 10 0.0023669648609063 
26 14 0.0024366297223400 
27 10 0.0025083258970171 
28 4 0.0025835903132573 
29 10 0.0026559543453865 
30 13 0.0027291953643359 
31 6 0.0028060636152351 
32 12 0.0028822239248205 
33 10 0.0029605656808881 
34 8 0.0030414443377903 
35 7 0.0031242934023341 
36 12 0.0032072655134593 
37 3 0.0032961788730829 
38 11 0.0033819741557208 
39 10 0.0034717230393943 
40 9 0.0035646306832969 
41 9 0.0036604096080730 
42 8 0.0037594138143358 
43 7 0.0038615333569191 
44 3 0.0039679737494176 
45 5 0.0040737153584676 
46 4 0.0041837764778561 
47 4 0.0042960018287125 
48 7 0.0044107579285339 
49 5 0.0045311267989137 
50 6 0.0046544375004068 
51 3 0.0047830020123210 
52 2 0.0049134575108726 
53 5 0.0050443395484784 
54 5 0.0051843083890640 
55 3 0.0053292530819766 
56 8 0.0054791138361262 
57 1 0.0056432807803926 
58 2 0.0057937532949815 
59 7 0.0059584556312131 
60 1 0.0061399547291810 
61 2 0.0063074628356391 
62 4 0.0064887185267239 
63 3 0.0066827474700448 
64 5 0.0068859559026362 
65 3 0.0071016607612862 
66 3 0.0073204137353839 
67 3 0.0075492064573204 
68 6 0.0077994130623844 
69 4 0.0080713486965101 
70 6 0.0083591133850252 
71 7 0.0086842111697431 
72 3 0.0090168883379321 
73 2 0.0093354521870911 
74 2 0.0096614612939152 
75 4 0.0100198635344219 
76 2 0.0104046112834563 
77 2 0.0107891553920021 
78 3 0.0112057420319831 
79 6 0.0117015545579089 
80 3 0.0122404289530528 
81 2 0.0127572367003455 
82 3 0.0133062034646742 
83 1 0.0138799193968820 
84 1 0.0144416571610581 
85 2 0.0150565011663271 
86 4 0.0157943493277695 
87 3 0.0166259522577092 
88 3 0.0174982910494614 
89 2 0.0184107973666571 
90 1 0.0193193536103738 
91 2 0.0202907519380978 
92 3 0.0214408359709449 
93 3 0.0227547141441252 
94 1 0.0240754628429697 
95 1 0.0253735732665667 
96 3 0.0272023097485317 
97 3 0.0290745142230640 
98 2 0.0310557052493065 
99 1 0.0330295407944859 
101 1 0.0370341607697712 
102 2 0.0395983363242941 
103 1 0.0424130715538766 
104 4 0.0459382354412560 
105 1 0.0498756541212282 
107 1 0.0571760664733560 
108 1 0.0616866123577709 
110 1 0.0728618347734217 
111 2 0.0794966928399174 
112 1 0.0885257565833444 
114 1 0.1036706531278022 
116 1 0.1221116716583852 
117 2 0.1347026867452184 
118 1 0.1485993454581191 
120 1 0.1767021498937384 
121 1 0.1987178631022046 
122 2 0.2189265640951365 
123 2 0.2459510482965762 
125 1 0.2873890884889849 
128 3 0.3549029756237082 
129 1 0.3802076386583697 
130 1 0.4034422523214703 
133 2 0.4687219244101179 
136 1 0.5272403510111079 
137 1 0.5451224464459343 
138 3 0.5631855599640985 
143 1 0.6293502480756142 
144 1 0.6389478946696590 
147 2 0.6674551172999497 
149 1 0.6813594663111761 
170 2 0.7855399686809172 
171 1 0.7801902851935270 
179 1 0.7937048810249717 
182 1 0.7935096438058367 
196 1 0.8080488028962141 
199 1 0.8033261966872070 
211 1 0.8069185369201992 
218 1 0.8052550536367201 
223 1 0.8014861320631034 
243 1 0.7934282340745180 
274 1 0.7700723332202152 
277 1 0.7612810427894083 
301 1 0.7298531283726889 
306 1 0.7153195104066478 
351 1 0.6035552868142819 
