100000
1 971 0.0000345992613034 
2 487 0.0000402779759547 
3 355 0.0000449484605643 
4 243 0.0000491522301892 
5 208 0.0000529059274649 
6 182 0.0000563802455828 
7 156 0.0000596539668196 
8 146 0.0000627486342165 
9 119 0.0000657180277630 
10 127 0.0000685288125902 
11 121 0.0000712508085781 
12 105 0.0000738936295195 
13 85 0.0000764480211552 
14 84 0.0000788862909302 
15 81 0.0000812328949349 
16 82 0.0000834918311808 
17 62 0.0000856917065272 
18 72 0.0000877817002572 
19 53 0.0000898275126530 
20 42 0.0000917947037939 
21 41 0.0000936700121016 
22 52 0.0000954592455834 
23 41 0.0000972263951960 
24 51 0.0000989042993357 
25 44 0.0001005588848537 
26 32 0.0001021726737711 
27 42 0.0001036892749811 
28 31 0.0001052107173764 
29 26 0.0001066711728284 
30 26 0.0001080711495011 
31 22 0.0001094534511422 
32 22 0.0001107796970785 
33 23 0.0001120751265686 
34 18 0.0001133786698388 
35 10 0.0001147255358299 
36 19 0.0001157977026254 
37 20 0.0001170050689701 
38 20 0.0001182086560118 
39 19 0.0001194043896204 
40 16 0.0001205951316613 
41 8 0.0001218741464892 
42 15 0.0001228225187178 
43 13 0.0001239698129397 
44 11 0.0001251031898394 
45 7 0.0001262990030126 
46 12 0.0001272143358585 
47 13 0.0001283057518075 
48 10 0.0001294600662498 
49 9 0.0001305585287268 
50 14 0.0001315700249009 
51 11 0.0001327519534099 
52 5 0.0001340774904558 
53 6 0.0001350102739463 
54 10 0.0001359260782134 
55 8 0.0001370975542871 
56 13 0.0001381463196540 
57 9 0.0001394198473871 
58 10 0.0001405630390175 
59 4 0.0001420284245964 
60 6 0.0001428913124780 
61 3 0.0001443421026988 
62 1 0.0001468814555176 
63 5 0.0001460435119814 
64 5 0.0001471717129121 
65 6 0.0001482629893566 
66 6 0.0001494753488631 
67 2 0.0001513853762414 
68 5 0.0001518296844150 
69 4 0.0001531531779098 
70 5 0.0001542713118970 
72 1 0.0001582720136131 
73 2 0.0001582577958650 
74 5 0.0001588485527498 
75 3 0.0001604830578106 
76 1 0.0001632025471113 
77 2 0.0001632794014704 
78 3 0.0001642077624974 
79 3 0.0001655804144186 
80 1 0.0001683918296151 
81 3 0.0001682417801198 
83 4 0.0001707823446269 
85 2 0.0001741314366949 
86 1 0.0001766864785996 
87 2 0.0001770418650538 
88 5 0.0001781139690276 
89 2 0.0001805770501091 
90 1 0.0001832723955513 
91 3 0.0001834626903812 
92 2 0.0001856328685698 
93 2 0.0001874014857031 
94 5 0.0001887765279135 
95 3 0.0001912734975315 
96 4 0.0001932680345543 
97 2 0.0001959974323532 
98 3 0.0001977509327104 
99 3 0.0002000481238996 
100 2 0.0002026957123052 
101 3 0.0002046483674119 
102 2 0.0002074420754356 
103 1 0.0002108421920077 
105 3 0.0002137167556390 
107 1 0.0002199365879517 
108 1 0.0002223687119972 
109 3 0.0002236030679648 
111 2 0.0002293895589085 
112 2 0.0002324765028695 
113 2 0.0002356719142712 
114 1 0.0002400024096819 
115 2 0.0002420054762241 
116 3 0.0002453525003563 
118 3 0.0002523888768791 
119 1 0.0002580270189772 
121 1 0.0002648259079344 
123 3 0.0002709248022683 
125 2 0.0002800596911845 
126 1 0.0002861740748590 
127 2 0.0002898204745256 
128 2 0.0002953955963585 
129 1 0.0003022139069864 
130 1 0.0003074881173199 
133 1 0.0003227444927995 
134 1 0.0003289045920465 
136 1 0.0003409437231005 
137 1 0.0003479476707803 
138 2 0.0003543931390682 
139 1 0.0003643527422045 
140 1 0.0003725272123902 
142 1 0.0003885844396910 
143 1 0.0003980728401406 
145 1 0.0004167784647311 
146 1 0.0004279332851732 
149 1 0.0004608065951041 
151 1 0.0004870204179565 
152 1 0.0005030175985771 
157 1 0.0005927745016380 
159 1 0.0006382263359882 
163 1 0.0007512307819447 
164 1 0.0007950990049507 
166 1 0.0008921999698912 
169 2 0.0011143468973755 
173 3 0.0023135633912059 
174 1 0.5238288574781085 
175 2 0.9861254548240155 
178 1 0.9947857114500113 
181 1 0.9966947587664311 
187 1 0.9980370564622727 
188 1 0.9981852740812848 
190 2 0.9984385009830316 
191 2 0.9985361069897885 
194 1 0.9987185232533572 
196 2 0.9988229423856529 
203 1 0.9990588019903317 
207 1 0.9991539386934155 
208 1 0.9991734952434995 
212 1 0.9992475710121542 
215 1 0.9992913391333075 
220 1 0.9993425485855342 
224 1 0.9993762234155418 
225 1 0.9993801880514861 
233 1 0.9994371699562767 
239 1 0.9994696007266178 
241 1 0.9994748928607985 
242 1 0.9994739938561326 
245 1 0.9994825471195528 
252 1 0.9995074441878573 
261 1 0.9995320662559738 
296 1 0.9996160090378423 
315 1 0.9996364601282495 
349 1 0.9996572972529929 
351 1 0.9996540489196709 
352 1 0.9996501801814675 
355 1 0.9996467913472421 
395 1 0.9996467036304648 
477 1 0.9996022198834983 
