100000
1 60 0.0338921987663924 
2 66 0.0339199007503032 
3 67 0.0339379215430079 
4 109 0.0339555386422358 
5 84 0.0339685216744380 
6 65 0.0339810500733500 
7 64 0.0339939292284477 
8 69 0.0340062572071972 
9 58 0.0340172686334826 
10 70 0.0340283729268727 
11 71 0.0340378609353753 
12 49 0.0340463776823030 
13 46 0.0340557028215991 
14 50 0.0340646430418989 
15 57 0.0340723879088913 
16 38 0.0340790009544345 
17 47 0.0340867594994564 
18 53 0.0340926394182062 
19 42 0.0340975954540727 
20 31 0.0341033212304238 
21 52 0.0341092234491349 
22 34 0.0341126972644607 
23 32 0.0341179917686733 
24 31 0.0341231729915686 
25 34 0.0341279572210128 
26 30 0.0341320328813172 
27 30 0.0341363917450384 
28 17 0.0341404708814933 
29 24 0.0341473071255052 
30 25 0.0341520456374401 
31 25 0.0341563106466956 
32 27 0.0341602398864410 
33 18 0.0341638428704046 
34 30 0.0341688383473043 
35 25 0.0341714606402297 
36 19 0.0341752003169100 
37 16 0.0341801592711340 
38 21 0.0341858809788733 
39 12 0.0341898932977587 
40 23 0.0341968441133696 
41 10 0.0342000358596026 
42 15 0.0342079206627791 
43 11 0.0342133422249231 
44 12 0.0342204064593776 
45 12 0.0342270623691752 
46 10 0.0342333507646777 
47 14 0.0342411660477962 
48 7 0.0342456629212708 
49 12 0.0342552635783469 
50 13 0.0342623800102980 
51 10 0.0342688067199388 
52 8 0.0342757552589180 
53 9 0.0342842453223212 
54 17 0.0342936112464209 
55 7 0.0342987671797040 
56 6 0.0343066889720301 
57 10 0.0343176354604056 
58 5 0.0343232616533826 
59 8 0.0343347867165813 
60 10 0.0343448451614948 
61 9 0.0343540805756268 
62 8 0.0343635154100381 
63 4 0.0343694724057929 
64 4 0.0343792142736276 
65 6 0.0343917615451526 
66 3 0.0343967371851584 
67 5 0.0344108165106440 
68 4 0.0344195964926602 
69 6 0.0344326118491668 
70 6 0.0344436343587436 
71 3 0.0344495600759897 
72 6 0.0344653492649940 
73 4 0.0344742973741795 
74 6 0.0344882675464983 
75 18 0.0345074696965642 
76 4 0.0345186986673841 
77 2 0.0345232728114447 
78 6 0.0345450596365312 
79 3 0.0345536756268935 
80 4 0.0345685128387854 
81 3 0.0345790074705494 
82 5 0.0345961507644653 
83 20 0.0346249872806067 
84 3 0.0346429136005971 
85 1 0.0346375826859545 
86 3 0.0346676602356220 
87 1 0.0346627855371700 
89 5 0.0347075455634763 
90 2 0.0347155297825837 
91 3 0.0347340006201718 
92 5 0.0347548802219311 
93 1 0.0347502512357130 
94 3 0.0347810435740155 
95 1 0.0347782422132623 
96 18 0.0348353850158122 
97 1 0.0348470905668612 
98 1 0.0348595709632993 
99 3 0.0348917354461705 
100 1 0.0348910745181231 
103 1 0.0349233351131214 
104 3 0.0349560103933560 
106 1 0.0349663155594807 
109 2 0.0350134103026571 
111 1 0.0350270481589807 
112 1 0.0350409303559613 
113 1 0.0350549207150777 
115 2 0.0350929277011068 
116 2 0.0351113648801638 
117 3 0.0351362016182931 
118 2 0.0351537172392384 
120 16 0.0352295153975660 
121 2 0.0352790151139421 
122 1 0.0352867684015046 
124 1 0.0353048313407505 
125 2 0.0353358891551317 
127 1 0.0353545590018254 
128 2 0.0353788933029073 
129 2 0.0354031357061378 
132 1 0.0354325097368166 
133 1 0.0354501230269787 
135 1 0.0354778129915113 
136 1 0.0354958839918673 
137 1 0.0355141461774325 
138 2 0.0355479284909215 
139 1 0.0355600431597768 
140 2 0.0355945210615328 
144 1 0.0356376450729426 
148 1 0.0356878182314391 
149 1 0.0357081221210102 
151 1 0.0357330831857778 
153 1 0.0357638063818331 
156 1 0.0358048636828149 
164 1 0.0358965280697098 
165 5 0.0359618550508880 
166 1 0.0359952008985551 
177 1 0.0361147240458936 
184 1 0.0361995055577280 
186 1 0.0362358990870109 
189 1 0.0362792759275623 
193 1 0.0363360360043759 
199 3 0.0364462536257313 
200 1 0.0364835290752113 
201 2 0.0365350286927294 
207 1 0.0366161002246381 
209 2 0.0366804653517781 
213 1 0.0367458032801966 
215 1 0.0367905912524952 
220 1 0.0368651406014716 
224 1 0.0369312731071551 
225 2 0.0369938347244964 
229 2 0.0370924829472398 
236 1 0.0371967136572272 
238 2 0.0372766961461795 
253 2 0.0374877462940722 
280 1 0.0377810862871871 
298 1 0.0379854471217159 
299 2 0.0380756049806641 
370 1 0.0386740894609205 
408 1 0.0389770618307805 
466 1 0.0394040468228849 
549 1 0.0399715966327657 
571 1 0.0401711364531649 
