100000
1 159 0.0854158702946991 
2 120 0.0855504475260839 
3 72 0.0855963330445524 
4 62 0.0856770509955506 
5 54 0.0857475207620521 
6 40 0.0857903213219132 
7 22 0.0857700863547528 
8 29 0.0859016823093192 
9 22 0.0859336290256758 
10 21 0.0859999097672180 
11 20 0.0860629664810616 
12 20 0.0861305971422631 
13 19 0.0861884655876360 
14 16 0.0862277845725961 
15 12 0.0862444538106329 
16 12 0.0863096711789312 
17 18 0.0864265945699194 
18 15 0.0864612763106426 
19 14 0.0865087120600907 
20 10 0.0865164541474084 
21 15 0.0866267156864912 
22 14 0.0866701698401094 
23 13 0.0867123178814066 
24 5 0.0865914475300490 
25 8 0.0867541061833242 
26 14 0.0868750872278645 
27 7 0.0868327439232242 
28 11 0.0869468828107646 
29 17 0.0870259052510757 
30 11 0.0870280997769580 
31 13 0.0870843729948650 
32 9 0.0870884605099455 
33 14 0.0871688978575766 
34 15 0.0872057165207935 
35 12 0.0872214767034381 
36 13 0.0872602612813422 
37 15 0.0872981115478832 
38 14 0.0873194990232337 
39 14 0.0873447362428923 
40 13 0.0873648068214575 
41 11 0.0873797211612665 
42 10 0.0874011423029172 
43 8 0.0874123540558146 
44 14 0.0874802521049574 
45 5 0.0874089954051366 
46 9 0.0875104865542090 
47 7 0.0875168734187808 
48 9 0.0875691038379764 
49 7 0.0875744745984824 
50 6 0.0875895289918260 
51 9 0.0876556553299419 
52 7 0.0876594202426428 
53 7 0.0876870363556473 
54 7 0.0877138064779483 
55 7 0.0877397390673819 
56 6 0.0877515824135604 
57 8 0.0878018168656399 
58 8 0.0878216243266067 
59 10 0.0878519968272643 
60 6 0.0878306681530019 
61 5 0.0878382629135324 
62 4 0.0878400064933499 
63 5 0.0878983988125158 
64 6 0.0879421767013311 
65 3 0.0878791215056042 
66 7 0.0880091914089022 
67 4 0.0879748295322692 
68 9 0.0880668017798254 
69 7 0.0880609721587862 
70 7 0.0880756501386719 
71 5 0.0880651192753923 
72 5 0.0880878743565017 
73 4 0.0880875750133399 
74 9 0.0881707878678843 
75 5 0.0881392592838518 
76 9 0.0881935172171901 
77 3 0.0881035722898650 
78 3 0.0881337759821415 
79 6 0.0882337490602614 
80 8 0.0882623333357426 
81 5 0.0882396400897247 
82 5 0.0882582987946088 
83 6 0.0882890826021474 
84 11 0.0883238281632483 
85 5 0.0882797096478837 
86 3 0.0882446917857392 
87 4 0.0883057552235638 
88 4 0.0883280993756182 
89 6 0.0883805815920714 
90 1 0.0880573362938576 
91 4 0.0883986356192654 
92 7 0.0884567948251435 
93 3 0.0883954462430855 
94 8 0.0884940551836884 
95 4 0.0884556036593012 
96 4 0.0884769559218837 
97 2 0.0884043305247566 
98 3 0.0884981528807047 
99 2 0.0884616142998055 
100 3 0.0885540969199594 
101 5 0.0886257675086075 
102 3 0.0885955684033901 
104 5 0.0886333180363449 
105 4 0.0886322359210240 
106 3 0.0886236700688200 
107 4 0.0886765899171443 
108 5 0.0887129888439340 
109 5 0.0887295605644312 
110 8 0.0887683996500884 
111 4 0.0887387201209486 
113 4 0.0887969088333301 
114 6 0.0888457589582737 
115 3 0.0888096750049082 
116 3 0.0888366010798618 
117 3 0.0888637359803871 
118 1 0.0886666597827599 
119 2 0.0888682260580084 
120 1 0.0887315501095006 
121 1 0.0887652383502840 
122 3 0.0890180278919085 
123 5 0.0890873515950426 
124 5 0.0891111067738718 
125 3 0.0890943081656840 
127 2 0.0891045717844316 
128 2 0.0891358517804147 
129 3 0.0892200165451812 
130 2 0.0891975945488741 
131 1 0.0890716381174046 
132 3 0.0893145606087483 
133 1 0.0891372878602001 
134 2 0.0893267449355571 
135 2 0.0893591634129087 
136 2 0.0893917957562928 
137 4 0.0895014219186616 
138 6 0.0895605555028776 
139 5 0.0895870086955415 
140 1 0.0893805279905945 
141 3 0.0896181553418760 
142 1 0.0894537559943316 
143 4 0.0897163551118013 
144 1 0.0895308207989987 
146 1 0.0895991865996839 
147 1 0.0896346973533953 
148 5 0.0899102818187659 
149 2 0.0898656996943272 
150 4 0.0899816667565788 
151 2 0.0899534695856000 
152 1 0.0898481801754811 
153 2 0.0900308242312614 
154 3 0.0901228823907203 
156 2 0.0901518996323174 
157 3 0.0902452859129182 
158 3 0.0902958047034035 
159 2 0.0902975402086902 
160 1 0.0902002435617724 
162 3 0.0904631985193111 
163 2 0.0904683161503160 
164 2 0.0905164560836593 
165 3 0.0906158593764370 
166 2 0.0906251341706366 
167 1 0.0905350730410607 
168 1 0.0905330676834862 
169 2 0.0907150853849742 
171 4 0.0908770830727096 
172 4 0.0909575328409995 
173 3 0.0910127452917907 
174 1 0.0908940515112336 
175 1 0.0909384566114100 
176 4 0.0912046835423044 
177 3 0.0912690891039015 
178 1 0.0911578868906303 
179 2 0.0913440357144518 
180 2 0.0914095453253613 
183 2 0.0915332436230548 
184 2 0.0916015464256466 
185 2 0.0916711942147107 
186 3 0.0917957578471314 
188 1 0.0917272222644146 
190 2 0.0919451242797822 
191 3 0.0920749314010635 
192 2 0.0921229597728842 
193 1 0.0920644559295089 
194 3 0.0923117831116856 
197 1 0.0922848940837806 
198 3 0.0925054705357589 
199 1 0.0924278458076314 
200 3 0.0926801738078693 
201 1 0.0926071293708378 
202 2 0.0928049349416691 
203 2 0.0928983247185301 
204 1 0.0928553358379846 
205 2 0.0930556407903025 
206 2 0.0931538849773993 
209 1 0.0931707707130099 
211 3 0.0934603830197845 
212 1 0.0934066371411641 
213 1 0.0934516987323573 
214 1 0.0935195682717297 
215 1 0.0935880767802311 
219 1 0.0937171342884081 
221 2 0.0939534413419824 
223 2 0.0940788748815032 
226 1 0.0941124165508088 
227 1 0.0941870791224054 
229 4 0.0945210977607376 
230 1 0.0945037524063985 
233 2 0.0947752563900726 
234 2 0.0949100369191072 
236 1 0.0949327267457501 
240 3 0.0953025282166282 
241 1 0.0952977969277294 
244 1 0.0954374242235386 
246 1 0.0955521321415773 
247 1 0.0956414519989635 
249 2 0.0958732060885719 
250 2 0.0960324870909317 
251 1 0.0960509556690295 
254 1 0.0961971614607422 
255 1 0.0962936902623539 
257 1 0.0964169324891367 
258 1 0.0965156832100240 
261 3 0.0968810450053484 
269 1 0.0970886821268997 
271 1 0.0972208602471245 
272 1 0.0973292580547463 
275 2 0.0976373628267831 
285 1 0.0979168067971260 
286 1 0.0980335912743083 
287 1 0.0981514520246428 
289 1 0.0982961752799544 
293 1 0.0984970156598055 
297 1 0.0986979980505638 
299 3 0.0990893320334611 
302 1 0.0992366459238089 
303 1 0.0993727867120043 
304 1 0.0995057366990382 
313 1 0.0998442538800944 
320 1 0.1001453505638069 
323 1 0.1003278745842711 
324 1 0.1004579237818959 
326 2 0.1007620202459826 
354 1 0.1014960898561175 
360 1 0.1017395559650956 
364 1 0.1019436856893556 
380 1 0.1024204662225181 
381 1 0.1025435969405408 
382 1 0.1026658908503460 
414 1 0.1034604726195352 
426 1 0.1038001451612757 
440 1 0.1041739794995319 
446 1 0.1043911782511387 
479 1 0.1051308741399426 
565 1 0.1066778480272157 
913 1 0.1106553414810816 
