100000
1 116 0.0922711068181168 
2 80 0.0923378517034632 
3 79 0.0924008758048581 
4 50 0.0924408185993784 
5 61 0.0924992195892701 
6 47 0.0925406169133035 
7 45 0.0925859592641338 
8 43 0.0926290549516562 
9 37 0.0926681368646904 
10 25 0.0927000471303661 
11 34 0.0927489628121861 
12 27 0.0927826112078964 
13 27 0.0928207246352238 
14 25 0.0928557538102348 
15 34 0.0928949674943318 
16 30 0.0929234103377113 
17 28 0.0929520785889975 
18 25 0.0929793721343034 
19 17 0.0930021584113450 
20 20 0.0930365913866417 
21 17 0.0930626954569351 
22 17 0.0930919450173567 
23 18 0.0931205783772795 
24 15 0.0931438714466446 
25 19 0.0931736075538113 
26 13 0.0931909654432898 
27 16 0.0932204768694292 
28 14 0.0932413124350443 
29 13 0.0932637634086964 
30 11 0.0932847542599641 
31 12 0.0933111454158439 
32 9 0.0933289174690311 
33 16 0.0933618532392403 
34 22 0.0933759083265421 
35 12 0.0933789563426012 
36 10 0.0933954251358666 
37 3 0.0933709755105813 
38 16 0.0934512519340004 
39 6 0.0934468394329859 
40 12 0.0934844748154701 
41 13 0.0934985355683285 
42 11 0.0935086789519417 
43 12 0.0935232205282019 
44 9 0.0935323513290363 
45 15 0.0935511046006583 
46 10 0.0935538765194656 
47 10 0.0935674159921265 
48 11 0.0935808733190048 
49 10 0.0935906495489333 
50 4 0.0935840026158292 
51 8 0.0936253583377682 
52 8 0.0936406856814392 
53 6 0.0936512503839980 
54 9 0.0936756921129456 
55 10 0.0936878801204858 
56 3 0.0936696125248417 
57 7 0.0937193550539966 
58 9 0.0937370677811439 
59 11 0.0937479874820261 
60 2 0.0937053807903632 
61 5 0.0937721882211845 
62 8 0.0937986305617902 
63 5 0.0938038974725704 
64 12 0.0938307482317944 
65 9 0.0938334137269343 
66 2 0.0937998016252204 
67 5 0.0938626448943413 
68 5 0.0938819029023851 
69 3 0.0938861846091881 
70 5 0.0939246888137484 
71 6 0.0939467409885484 
72 4 0.0939553573427162 
73 5 0.0939817653468565 
74 8 0.0940069478864218 
75 7 0.0940192917502725 
76 8 0.0940369131599563 
77 6 0.0940492378056958 
78 2 0.0940327239971466 
79 5 0.0940913331959716 
80 2 0.0940803583147458 
81 1 0.0940501942223906 
82 7 0.0941706101261901 
83 9 0.0941925627211939 
84 4 0.0941986995297060 
85 3 0.0942145775666791 
86 7 0.0942599108210720 
87 6 0.0942820011335222 
88 3 0.0942904508677105 
89 2 0.0942997725263729 
90 4 0.0943535702888428 
91 5 0.0943867166492373 
92 2 0.0943836582485017 
93 3 0.0944290958456620 
94 7 0.0944790617609519 
95 2 0.0944735844689901 
96 10 0.0945489350062843 
97 7 0.0945866469687229 
98 6 0.0946260526440019 
99 4 0.0946578178186319 
100 3 0.0946862657053055 
101 6 0.0947441040373831 
102 2 0.0947525322350407 
103 2 0.0947858946599432 
104 6 0.0948610669692803 
105 4 0.0949027107619070 
106 10 0.0949815864235389 
107 1 0.0949556886851962 
108 2 0.0950366772609534 
109 4 0.0951051049701067 
110 10 0.0951972596603179 
111 5 0.0952759593195953 
112 3 0.0953245471924760 
113 3 0.0953774376530340 
114 3 0.0954316362258328 
115 2 0.0954666450523327 
116 4 0.0955459417999986 
117 3 0.0956026688284619 
119 1 0.0956141516508658 
120 2 0.0957002345057659 
121 4 0.0957845541734258 
122 2 0.0958266360058332 
123 3 0.0958996447270213 
124 2 0.0959162976704207 
125 1 0.0959188314732217 
127 1 0.0959792615446925 
128 2 0.0960684999416240 
130 3 0.0961692167965030 
131 2 0.0962212740990839 
132 1 0.0962289309088798 
135 1 0.0963147526960543 
136 3 0.0964304360331610 
137 1 0.0964376014470018 
138 2 0.0965313007838692 
139 2 0.0965953643983376 
141 18 0.0969071146434196 
142 2 0.0971431896108570 
143 3 0.0972467277730469 
145 3 0.0973758658803586 
148 1 0.0974493420953588 
149 14 0.0977815527216322 
150 3 0.0980661914593690 
151 19 0.0985177098162503 
152 1 0.0988566186369310 
155 1 0.0989714439578053 
156 2 0.0990971108398486 
157 2 0.0992081980558562 
158 3 0.0993559699338645 
162 1 0.0994979230487089 
163 1 0.0995703650369801 
164 2 0.0997043590742801 
165 1 0.0997611296001242 
166 1 0.0998362398877723 
173 1 0.1000644237295948 
177 1 0.1002199287895943 
178 2 0.1003657037334482 
180 1 0.1004669213134611 
181 1 0.1005511823305263 
184 1 0.1006879888691360 
187 1 0.1008267803011524 
189 1 0.1009416813150146 
192 1 0.1010841157829438 
197 1 0.1012806793361791 
204 1 0.1015323198794247 
206 1 0.1016579494274808 
209 1 0.1018114227771031 
211 1 0.1019410364992468 
222 1 0.1023081003157620 
237 2 0.1028661779940581 
242 1 0.1031067426605225 
413 1 0.1076247262969924 
549 1 0.1106055240029288 
