100000
1 1153 0.0115754667155267 
2 250 0.0115649086745511 
3 123 0.0115581113698772 
4 59 0.0115537738587948 
5 40 0.0115524914485179 
6 24 0.0115531016616781 
7 14 0.0115557215147215 
8 14 0.0115614917606354 
9 9 0.0115670411398441 
10 4 0.0115714146607975 
11 10 0.0115863500455311 
12 12 0.0115948285227785 
13 5 0.0116004417923147 
14 4 0.0116107673457332 
15 4 0.0116231833962603 
16 8 0.0116372071216942 
17 7 0.0116456750695103 
18 5 0.0116544386339503 
19 2 0.0116600707016051 
20 2 0.0116751318094058 
21 2 0.0116903598790150 
22 4 0.0116826151918421 
23 2 0.0116884689172502 
24 1 0.0116669818225398 
25 4 0.0116930679785418 
26 4 0.0117009305438347 
27 1 0.0116959798241593 
28 3 0.0117202220764475 
29 2 0.0117271252154581 
30 2 0.0117381326393596 
31 1 0.0117406565112904 
32 4 0.0117648662645659 
33 2 0.0117699957868838 
34 1 0.0117732600929931 
35 1 0.0117863820398159 
37 1 0.0118144675512099 
39 2 0.0118503034588242 
40 4 0.0118643881035288 
41 6 0.0118594885789659 
42 3 0.0118729187541167 
45 3 0.0119161696904335 
46 1 0.0119233116301608 
47 1 0.0119390969072379 
48 1 0.0119552945296471 
49 1 0.0119719393785594 
50 2 0.0119989788245356 
51 1 0.0120119123265644 
53 2 0.0120542231731083 
54 1 0.0120601929190945 
55 1 0.0120807829918320 
57 1 0.0121067562919171 
60 1 0.0121513927441601 
63 2 0.0122122161374174 
71 1 0.0123109008523851 
75 1 0.0123737359448392 
80 1 0.0124449753534923 
84 1 0.0125250860168503 
87 2 0.0126159013039617 
105 1 0.0128232958603807 
106 1 0.0128840102202330 
109 1 0.0129577540385281 
116 1 0.0130613671266658 
117 1 0.0131235506486763 
135 1 0.0132958966214216 
158 1 0.0134994791730254 
165 1 0.0136073835166018 
218 1 0.0139286248198767 
382 1 0.0143730092120818 
403 1 0.0144667242822414 
