100000
1 75 0.0932705172226033 
2 98 0.0933655840319178 
3 93 0.0933962022613082 
4 99 0.0934221870062007 
5 93 0.0934413272637754 
6 98 0.0934608302697980 
7 98 0.0934779121094021 
8 111 0.0934952513380525 
9 100 0.0935089855533581 
10 95 0.0935226995436329 
11 81 0.0935348471549374 
12 82 0.0935482907206114 
13 79 0.0935605803185612 
14 87 0.0935731881548325 
15 106 0.0935848018320497 
16 82 0.0935926881994954 
17 76 0.0936019003085831 
18 73 0.0936109840898877 
19 72 0.0936197273152372 
20 63 0.0936273541442929 
21 52 0.0936347058537711 
22 63 0.0936445598168812 
23 53 0.0936509940199122 
24 60 0.0936592114763753 
25 55 0.0936652322716862 
26 56 0.0936716695267644 
27 49 0.0936769196379334 
28 37 0.0936816480847731 
29 38 0.0936893985985210 
30 40 0.0936966966548168 
31 38 0.0937027241513551 
32 44 0.0937095397964609 
33 35 0.0937133214536969 
34 43 0.0937201705380823 
35 36 0.0937236578747113 
36 43 0.0937293616591702 
37 43 0.0937327045277018 
38 44 0.0937357509389917 
39 29 0.0937367927904984 
40 27 0.0937418963411957 
41 29 0.0937480525784934 
42 21 0.0937508097990175 
43 29 0.0937597713376329 
44 21 0.0937622225846381 
45 19 0.0937677270726347 
46 24 0.0937763244829386 
47 24 0.0937815479003215 
48 24 0.0937865993739357 
49 33 0.0937927135467226 
50 25 0.0937940451100435 
51 20 0.0937970524829157 
52 19 0.0938023462867813 
53 15 0.0938059393229418 
54 23 0.0938163510523030 
55 23 0.0938208539113085 
56 18 0.0938236819235222 
57 23 0.0938311352778028 
58 15 0.0938322731118350 
59 11 0.0938349777764202 
60 18 0.0938482421088476 
61 18 0.0938538947396353 
62 16 0.0938585850375413 
63 23 0.0938672200038571 
64 13 0.0938670726290814 
65 20 0.0938779443638394 
66 22 0.0938838196731971 
67 13 0.0938846091858897 
68 16 0.0938939914846995 
69 14 0.0938994116202543 
70 17 0.0939083799151963 
71 18 0.0939155320928436 
72 15 0.0939207633163642 
73 10 0.0939233603129618 
74 10 0.0939318026286220 
75 8 0.0939365520609508 
76 15 0.0939539273818797 
77 10 0.0939570630115308 
78 11 0.0939671272357492 
79 16 0.0939798778499072 
80 8 0.0939793249862192 
81 4 0.0939703044751942 
82 12 0.0940042853251229 
83 17 0.0940169380861959 
84 12 0.0940228214851627 
85 10 0.0940302412263712 
86 9 0.0940386639179977 
87 5 0.0940361691408996 
88 9 0.0940588719283457 
89 9 0.0940692842754786 
90 7 0.0940753903766877 
91 9 0.0940904285745408 
92 10 0.0941029881755724 
93 11 0.0941157069279552 
94 7 0.0941202043082046 
95 9 0.0941359962866402 
96 11 0.0941509948025425 
97 8 0.0941589966213943 
98 5 0.0941609661873598 
99 11 0.0941877987258977 
100 10 0.0942005115254291 
101 4 0.0941939149752751 
102 9 0.0942244935620431 
103 6 0.0942308812445392 
104 6 0.0942437999291491 
105 7 0.0942602251317955 
106 9 0.0942788607499968 
107 9 0.0942946172172933 
108 6 0.0943028309411525 
109 9 0.0943251996687909 
110 4 0.0943231715074097 
111 1 0.0942436721308931 
112 7 0.0943610625615323 
113 8 0.0943799023607639 
114 4 0.0943804437459005 
115 10 0.0944154362250767 
116 6 0.0944260689444984 
117 9 0.0944512538669953 
119 4 0.0944621175024586 
120 5 0.0944835269105658 
121 6 0.0945046161572641 
122 12 0.0945371894754252 
123 11 0.0945642435797307 
124 9 0.0945887136532084 
125 5 0.0946008502138128 
126 6 0.0946246879447489 
127 4 0.0946346750714018 
128 5 0.0946591140694133 
129 4 0.0946725903249339 
130 6 0.0947025272196594 
131 6 0.0947258696884907 
132 4 0.0947380778973754 
133 3 0.0947470154915980 
134 3 0.0947641715651322 
135 7 0.0948078159936452 
136 4 0.0948205311662716 
137 5 0.0948482334954355 
138 2 0.0948352972605596 
139 5 0.0948879139801720 
140 3 0.0948953364530094 
141 7 0.0949413748267929 
142 7 0.0949740965674013 
144 1 0.0949155934793430 
145 3 0.0950033423937280 
146 5 0.0950416674065289 
147 6 0.0950754692870467 
148 3 0.0950849966378559 
149 1 0.0950327362587022 
150 2 0.0951010357782125 
151 5 0.0951566398129451 
152 4 0.0951802830716372 
153 2 0.0951772065948199 
154 4 0.0952263767034473 
155 5 0.0952620459700485 
156 6 0.0953014652195093 
157 1 0.0952429632199255 
158 5 0.0953499903947513 
159 3 0.0953668727800370 
160 6 0.0954177459922292 
161 4 0.0954465987660234 
162 2 0.0954481819049561 
163 1 0.0954164364148010 
164 4 0.0955168396613256 
165 5 0.0955589303683589 
166 4 0.0955917906289315 
167 2 0.0955959428820347 
168 5 0.0956588876692484 
169 3 0.0956743747328482 
170 3 0.0957051506035732 
171 3 0.0957364228717698 
172 3 0.0957682016820886 
173 6 0.0958282166374347 
174 2 0.0958359785332180 
175 2 0.0958618200534568 
176 4 0.0959204698228137 
177 4 0.0959632978999926 
178 5 0.0960161651855525 
179 3 0.0960478917925755 
180 2 0.0960641305560463 
181 2 0.0960925627998270 
182 5 0.0961641706395781 
183 3 0.0961992267914556 
184 3 0.0962386111896540 
185 4 0.0962916155146239 
186 4 0.0963424721008706 
187 4 0.0963944167689211 
188 4 0.0964474705403916 
189 3 0.0964882475496412 
190 6 0.0965650274185151 
191 4 0.0966249667580895 
192 2 0.0966474239120083 
193 3 0.0967042720750559 
194 1 0.0966768714120148 
195 4 0.0967899024930810 
196 2 0.0968153372568128 
197 3 0.0968745257899096 
198 5 0.0969507690464485 
199 2 0.0969808610565170 
200 1 0.0969663724303407 
201 4 0.0970828607982252 
202 2 0.0971134689772993 
203 2 0.0971541077389423 
204 1 0.0971415344011902 
205 4 0.0972602217134807 
207 3 0.0973296971783861 
209 1 0.0973238261567057 
210 1 0.0973521074720390 
211 1 0.0973806000756704 
217 1 0.0974730739659843 
220 1 0.0975280887159769 
221 1 0.0975580612620898 
222 1 0.0975882628614008 
223 1 0.0976176134402866 
224 1 0.0976482184262106 
226 1 0.0976917610547926 
229 1 0.0977483990652633 
231 1 0.0977928330441953 
234 2 0.0979052917377217 
235 1 0.0979026992851844 
245 1 0.0980490705325846 
254 1 0.0981837382154349 
291 1 0.0986625219342349 
294 1 0.0987282734915318 
347 1 0.0993846088655036 
547 1 0.1016114777724657 
755 1 0.1038618287124280 
792 1 0.1043690372259826 
1045 1 0.1068666200990475 
