100000
1 115 0.0323206753339932 
2 136 0.0323358283477227 
3 142 0.0323490173999151 
4 134 0.0323607261716936 
5 126 0.0323710189706507 
6 113 0.0323799596144664 
7 83 0.0323881305319345 
8 108 0.0323950981212361 
9 71 0.0324008597057604 
10 67 0.0324069606131065 
11 33 0.0324134322533804 
12 61 0.0324200192632167 
13 64 0.0324236979281344 
14 39 0.0324277653781148 
15 63 0.0324315675663005 
16 60 0.0324332927295735 
17 54 0.0324354728318822 
18 40 0.0324388868279694 
19 35 0.0324435676457063 
20 22 0.0324491281850560 
21 15 0.0324558014420341 
22 20 0.0324631672969186 
23 23 0.0324699208578712 
24 20 0.0324766324954139 
25 16 0.0324838291149927 
26 15 0.0324915645679885 
27 18 0.0324996475651111 
28 9 0.0325073026247431 
29 13 0.0325164785367669 
30 9 0.0325249779567826 
31 21 0.0325350155105652 
32 11 0.0325443365787413 
33 10 0.0325543395059121 
34 14 0.0325654505979947 
35 15 0.0325774779229450 
36 11 0.0325898204281701 
37 9 0.0326021484667587 
38 7 0.0326142111762195 
39 5 0.0326255852099281 
40 5 0.0326374446969766 
41 4 0.0326488028001516 
42 5 0.0326615092737699 
43 7 0.0326755998299402 
44 6 0.0326897275967475 
45 2 0.0326992643500675 
46 5 0.0327150934145996 
47 5 0.0327296138421779 
48 5 0.0327446573098443 
49 3 0.0327577881384185 
50 6 0.0327749291623098 
51 2 0.0327870719756063 
52 4 0.0328038494386921 
53 3 0.0328185537134030 
54 5 0.0328366129532374 
55 3 0.0328527308653900 
56 3 0.0328687836380179 
57 6 0.0328900043013947 
58 2 0.0329062923393738 
59 2 0.0329215367021495 
60 2 0.0329370672312142 
61 1 0.0329471516451766 
62 4 0.0329712858589127 
63 4 0.0329936838984355 
64 1 0.0330056955220805 
66 4 0.0330422449023161 
67 2 0.0330616675170556 
68 2 0.0330801694986078 
70 6 0.0331214783631245 
71 1 0.0331409487913818 
72 2 0.0331632852214031 
73 2 0.0331842608645040 
74 3 0.0332098163153036 
76 1 0.0332377692245068 
77 3 0.0332662153864116 
78 2 0.0332915382076592 
79 2 0.0333158921078256 
80 2 0.0333409370365739 
81 2 0.0333667043457990 
82 1 0.0333854173665711 
83 2 0.0334126394894625 
84 1 0.0334323950649446 
86 1 0.0334641420803845 
87 4 0.0335041526181813 
88 1 0.0335334605297091 
89 1 0.0335551158637134 
90 2 0.0335861869610283 
91 2 0.0336194146075204 
92 1 0.0336441794113127 
93 1 0.0336677058099709 
94 1 0.0336916327788206 
95 1 0.0337159716503638 
97 2 0.0337632800593226 
99 2 0.0338147662075383 
101 1 0.0338569313871017 
104 2 0.0339205792260146 
105 2 0.0339653692149754 
106 1 0.0339994128843000 
111 1 0.0340795652490344 
112 1 0.0341111514277806 
113 1 0.0341433805247409 
123 2 0.0343001628110159 
128 1 0.0343937475017500 
130 1 0.0344445415986376 
141 1 0.0346051005709417 
146 1 0.0346956768796278 
148 1 0.0347541876982659 
151 1 0.0348258778609535 
154 1 0.0348996137403622 
173 1 0.0351558797595958 
223 1 0.0357530217200077 
273 1 0.0363032912454383 
