100000
1 135 0.0361892424185572 
2 106 0.0362360639184251 
3 78 0.0362734479917576 
4 51 0.0363058856401177 
5 39 0.0363389471213681 
6 49 0.0363771127451995 
7 29 0.0364028480992453 
8 26 0.0364342412632499 
9 16 0.0364577831609983 
10 24 0.0364973712310420 
11 25 0.0365265536698486 
12 27 0.0365535897562754 
13 21 0.0365757306117111 
14 25 0.0366013225071439 
15 24 0.0366218586683855 
16 19 0.0366402169218032 
17 23 0.0366615007450969 
18 21 0.0366775517595767 
19 13 0.0366910695688150 
20 17 0.0367136960935447 
21 11 0.0367271246251176 
22 8 0.0367438256827191 
23 9 0.0367686692416974 
24 8 0.0367883174646123 
25 10 0.0368123067496408 
26 14 0.0368317055415140 
27 10 0.0368420365308416 
28 4 0.0368426995977310 
29 10 0.0368821525678029 
30 13 0.0368967774550862 
31 6 0.0369000757176305 
32 12 0.0369241826124182 
33 10 0.0369321210920293 
34 8 0.0369420706459196 
35 7 0.0369550170511042 
36 12 0.0369718161064083 
37 3 0.0369595472333081 
38 11 0.0369988274051460 
39 10 0.0370045951822837 
40 9 0.0370119715625880 
41 9 0.0370212406478854 
42 8 0.0370300424931706 
43 7 0.0370403429171303 
44 3 0.0370397318526081 
45 5 0.0370702808488983 
46 4 0.0370831232663604 
47 4 0.0371012305953640 
48 7 0.0371251134272420 
49 5 0.0371339125665120 
50 6 0.0371513639519422 
51 3 0.0371544968522057 
52 2 0.0371619265752490 
53 5 0.0372043981936011 
54 5 0.0372198045396567 
55 3 0.0372270421433769 
56 8 0.0372578250228919 
57 1 0.0372091092104136 
58 2 0.0372691385740113 
59 7 0.0373126254802513 
60 1 0.0372687266823892 
61 2 0.0373274163216152 
62 4 0.0373652336321060 
63 3 0.0373786997065650 
64 5 0.0374069704901807 
65 3 0.0374172326683840 
66 3 0.0374382961278435 
67 3 0.0374596363395994 
68 6 0.0374915220021063 
69 4 0.0375076067570671 
70 6 0.0375364794709348 
71 7 0.0375642958435488 
72 3 0.0375797066909383 
73 2 0.0375950959995031 
74 2 0.0376208475250439 
75 4 0.0376645043536512 
76 2 0.0376775185057879 
77 2 0.0377046468670789 
78 3 0.0377437617676864 
79 6 0.0377899632455233 
80 3 0.0378181654400961 
81 2 0.0378404306903438 
82 3 0.0378836463736711 
83 1 0.0378756917600516 
84 1 0.0379028148104990 
85 2 0.0379620870994383 
86 4 0.0380157898773397 
87 3 0.0380548501404636 
88 3 0.0380975199922921 
89 2 0.0381284919425442 
90 1 0.0381337011153053 
91 2 0.0381962240575963 
92 3 0.0382494480579781 
93 3 0.0382997068259333 
94 1 0.0383044953081309 
95 1 0.0383367022495881 
96 3 0.0383930313512488 
97 3 0.0384507672743692 
98 2 0.0384952095410517 
99 1 0.0385094038866066 
101 1 0.0385649000544641 
102 2 0.0386348524710747 
103 1 0.0386521331161857 
104 4 0.0387538962808374 
105 1 0.0387779860909185 
107 1 0.0388374408349859 
108 1 0.0388769555835197 
110 1 0.0389199840955973 
111 2 0.0389970486635319 
112 1 0.0390079619426706 
114 1 0.0390696057553698 
116 1 0.0391322517253054 
117 2 0.0392141460631961 
118 1 0.0392467065986338 
120 1 0.0393123311538504 
121 1 0.0393475733445692 
122 2 0.0394349133926491 
123 2 0.0395045864878318 
125 1 0.0395646012616651 
128 3 0.0397207958575695 
129 1 0.0397777714566968 
130 1 0.0398331764749570 
133 2 0.0399707525829338 
136 1 0.0400630093608322 
137 1 0.0401236304375727 
138 3 0.0402570142051385 
143 1 0.0404092905646743 
144 1 0.0404765988656875 
147 2 0.0406317242508077 
149 1 0.0407249153419728 
170 2 0.0412139872008736 
171 1 0.0413174389881542 
179 1 0.0415253171118257 
182 1 0.0416550790449751 
196 1 0.0419804302823573 
199 1 0.0421202419672309 
211 1 0.0423974459601904 
218 1 0.0426007920125828 
223 1 0.0427747617331208 
243 1 0.0431963822326081 
274 1 0.0437512585221347 
277 1 0.0438857181237077 
301 1 0.0442972882318336 
306 1 0.0444522614728747 
351 1 0.0451091211033971 
