100000
1 971 0.0161781931065770 
2 487 0.0161820282104821 
3 355 0.0161855855047582 
4 243 0.0161888519096037 
5 208 0.0161919765749561 
6 182 0.0161948642686785 
7 156 0.0161975335303347 
8 146 0.0162000068644219 
9 119 0.0162022890548856 
10 127 0.0162044197339681 
11 121 0.0162061959855801 
12 105 0.0162078075123367 
13 85 0.0162094348173128 
14 84 0.0162110703115343 
15 81 0.0162125234267591 
16 82 0.0162137991294404 
17 62 0.0162150610123585 
18 72 0.0162163942336077 
19 53 0.0162176039060667 
20 42 0.0162191618646863 
21 41 0.0162208898824356 
22 52 0.0162224371809784 
23 41 0.0162237667162928 
24 51 0.0162251859713492 
25 44 0.0162264084245488 
26 32 0.0162278984345853 
27 42 0.0162296102161026 
28 31 0.0162311526794314 
29 26 0.0162330262280947 
30 26 0.0162350729786902 
31 22 0.0162371291769757 
32 22 0.0162393553511934 
33 23 0.0162416138457594 
34 18 0.0162438265542311 
35 10 0.0162459515688542 
36 19 0.0162490303316242 
37 20 0.0162515316219766 
38 20 0.0162540633478091 
39 19 0.0162566701680451 
40 16 0.0162593397989133 
41 8 0.0162616707037736 
42 15 0.0162651996666928 
43 13 0.0162681264438011 
44 11 0.0162711096223260 
45 7 0.0162738193309012 
46 12 0.0162775841757603 
47 13 0.0162809719000175 
48 10 0.0162841892520723 
49 9 0.0162875618103740 
50 14 0.0162915298111881 
51 11 0.0162951664565106 
52 5 0.0162979539060265 
53 6 0.0163018587584641 
54 10 0.0163062640010643 
55 8 0.0163100898792436 
56 13 0.0163147932880568 
57 9 0.0163190647836813 
58 10 0.0163237256091713 
59 4 0.0163269128468032 
60 6 0.0163317395090426 
61 3 0.0163346093077433 
62 1 0.0163332932461862 
63 5 0.0163434530071810 
64 5 0.0163478927428838 
65 6 0.0163527765119286 
66 6 0.0163576255532077 
67 2 0.0163596383011667 
68 5 0.0163663238402160 
69 4 0.0163707346267510 
70 5 0.0163759812766677 
72 1 0.0163784143661324 
73 2 0.0163862064327198 
74 5 0.0163931971443800 
75 3 0.0163973195368716 
76 1 0.0163970772246394 
77 2 0.0164049608723637 
78 3 0.0164108807358904 
79 3 0.0164158765422440 
80 1 0.0164159183994626 
81 3 0.0164252562114226 
83 4 0.0164351821981853 
85 2 0.0164427695776194 
86 1 0.0164441071642213 
87 2 0.0164522267846585 
88 5 0.0164600530878270 
89 2 0.0164639735334460 
90 1 0.0164655657523461 
91 3 0.0164752262457178 
92 2 0.0164797357051419 
93 2 0.0164851085896111 
94 5 0.0164935373019094 
95 3 0.0164996434965162 
96 4 0.0165069972636338 
97 2 0.0165119443117087 
98 3 0.0165192989186014 
99 3 0.0165261444146825 
100 2 0.0165315943688381 
101 3 0.0165392999872930 
102 2 0.0165450008310965 
103 1 0.0165476407676115 
105 3 0.0165625045829003 
107 1 0.0165691332666233 
108 1 0.0165746065514391 
109 3 0.0165855143542362 
111 2 0.0165963004405623 
112 2 0.0166033317816714 
113 2 0.0166104810753953 
114 1 0.0166139482184547 
115 2 0.0166236113411918 
116 3 0.0166329139384676 
118 3 0.0166466101082832 
119 1 0.0166504456363096 
121 1 0.0166610375172931 
123 3 0.0166776343279173 
125 2 0.0166904341572664 
126 1 0.0166950122861851 
127 2 0.0167056353893791 
128 2 0.0167145242951249 
129 1 0.0167194834870681 
130 1 0.0167263200440840 
133 1 0.0167422354186472 
134 1 0.0167492637922621 
136 1 0.0167608996786745 
137 1 0.0167680979066596 
138 2 0.0167796448818726 
139 1 0.0167855447297414 
140 1 0.0167930119921534 
142 1 0.0168051389304653 
143 1 0.0168127971079347 
145 1 0.0168251408807087 
146 1 0.0168329992773308 
149 1 0.0168501986758981 
151 1 0.0168629442090527 
152 1 0.0168711732137030 
157 1 0.0168952294495793 
159 1 0.0169083138387848 
163 1 0.0169306981077056 
164 1 0.0169395829372326 
166 1 0.0169531711295903 
169 2 0.0169766316101781 
173 3 0.0170082873528645 
174 1 0.0170197276314551 
175 2 0.0170352678955244 
178 1 0.0170548657649701 
181 1 0.0170746323762330 
187 1 0.0171085468504210 
188 1 0.0171197308999455 
190 2 0.0171398962087103 
191 2 0.0171588908732264 
194 1 0.0171810877602047 
196 2 0.0172047006062787 
203 1 0.0172461393527468 
207 1 0.0172731268314968 
208 1 0.0172869342809563 
212 1 0.0173133068416759 
215 1 0.0173343308774943 
220 1 0.0173660629434121 
224 1 0.0173941945427200 
225 1 0.0174104245526216 
233 1 0.0174558869006853 
239 1 0.0174938526678298 
241 1 0.0175161917535721 
242 1 0.0175349817312547 
245 1 0.0175621910455751 
252 1 0.0176059549844801 
261 1 0.0176585286586563 
296 1 0.0178122194713548 
315 1 0.0179062114806607 
349 1 0.0180455997282482 
351 1 0.0180763352276497 
352 1 0.0181038213441272 
355 1 0.0181377718721812 
395 1 0.0182867294056662 
477 1 0.0185319393566938 
