100000
1 60 0.9916549142526762 
2 66 0.9891411397109021 
3 67 0.9828172793340054 
4 109 0.9714497079539210 
5 84 0.9439619858017859 
6 65 0.8989956372993733 
7 64 0.8033992054506511 
8 69 0.5906972597571799 
9 58 0.3565727289739892 
10 70 0.2124386059230720 
11 71 0.1711233828991989 
12 49 0.1851979008982872 
13 46 0.1963920632604937 
14 50 0.2108782646186765 
15 57 0.2246487250632340 
16 38 0.0000504024360349 
17 47 0.2464202868435098 
18 53 0.2620832516316194 
19 42 0.2727869724198421 
20 31 0.2857083885967457 
21 52 0.2999235860129302 
22 34 0.3134067207031396 
23 32 0.3235390412755521 
24 31 0.3268237620518979 
25 34 0.0020567413845883 
26 30 0.0389991346411334 
27 30 0.0005592121193287 
28 17 0.0003040761978299 
29 24 0.0001660261807627 
30 25 0.0000445028186937 
31 25 0.0000602994572075 
32 27 0.0000899083137684 
33 18 0.0000480149653725 
34 30 0.0000362663442306 
35 25 0.0000478855276061 
36 19 0.0000366333771951 
37 16 0.0000351329901553 
38 21 0.0000332843272395 
39 12 0.0000320491668450 
40 23 0.0000310116376604 
41 10 0.0000279341217904 
42 15 0.0000308529864718 
43 11 0.0000288369655406 
44 12 0.0000283540523890 
45 12 0.0000265498947433 
46 10 0.0000288428075169 
47 14 0.0000271010611086 
48 7 0.0000268542994299 
49 12 0.0000265590062625 
50 13 0.0000263076281567 
51 10 0.0000258421336056 
52 8 0.0000257635305765 
53 9 0.0000254957171409 
54 17 0.0000252100405788 
55 7 0.0000251100768884 
56 6 0.0000241618967357 
57 10 0.0000256259427063 
58 5 0.0000248880889878 
59 8 0.0000244791569522 
60 10 0.0000243761740547 
61 9 0.0000242646842216 
62 8 0.0000242013289094 
63 4 0.0000241289705803 
64 4 0.0000242378269023 
65 6 0.0000240162128108 
66 3 0.0000238344065209 
67 5 0.0000237846158249 
68 4 0.0000235261462934 
69 6 0.0000234559612458 
70 6 0.0000246776214212 
71 3 0.0000239147621255 
72 6 0.0000237640420738 
73 4 0.0000234175612479 
74 6 0.0000242451782042 
75 18 0.0000240390401621 
76 4 0.0000233317801945 
77 2 0.0000235487749173 
78 6 0.0000233826073925 
79 3 0.0000233853388610 
80 4 0.0000230827408457 
81 3 0.0000233463467126 
82 5 0.0000234294812730 
83 20 0.0000231723876030 
84 3 0.0000231074054871 
85 1 0.0000233769636490 
86 3 0.0000226629703991 
87 1 0.0000233116574430 
89 5 0.0000240083476467 
90 2 0.0000234805424439 
91 3 0.0000229207991052 
92 5 0.0000234460837746 
93 1 0.0000234634610490 
94 3 0.0000233970459412 
95 1 0.0000234482010788 
96 18 0.0000232169425807 
97 1 0.0000252475316892 
98 1 0.0000234576942242 
99 3 0.0000232933315461 
100 1 0.0000235535727156 
103 1 0.0000236133308967 
104 3 0.0000233257745536 
106 1 0.0000234715710808 
109 2 0.0000233333492140 
111 1 0.0000235488064582 
112 1 0.0000230284386607 
113 1 0.0000233814296298 
115 2 0.0000231688477809 
116 2 0.0000234334878486 
117 3 0.0000232291501557 
118 2 0.0000232413291830 
120 16 0.0000232727921797 
121 2 0.0000232174318114 
122 1 0.0000235139878789 
124 1 0.0000233840533061 
125 2 0.0000232770759985 
127 1 0.0000233526690658 
128 2 0.0000238934423794 
129 2 0.0000231646277637 
132 1 0.0000232820917261 
133 1 0.0000239369575081 
135 1 0.0000234670777711 
136 1 0.0000246333481104 
137 1 0.0000232762455241 
138 2 0.0000243666295229 
139 1 0.0000236647677568 
140 2 0.0000232018081589 
144 1 0.0000239525825816 
148 1 0.0000235020327093 
149 1 0.0000237490534817 
151 1 0.0000233735262535 
153 1 0.0000233100452006 
156 1 0.0000231721507783 
164 1 0.0000234875424623 
165 5 0.0000231510421381 
166 1 0.0000234975462873 
177 1 0.0000233127386813 
184 1 0.0000224365130219 
186 1 0.0000233035929973 
189 1 0.0000232422913311 
193 1 0.0000230626373988 
199 3 0.0000234170877238 
200 1 0.0000236611888045 
201 2 0.0000235683065336 
207 1 0.0000235563566753 
209 2 0.0000235805590426 
213 1 0.0000228140114155 
215 1 0.0000229125540745 
220 1 0.0000222503655261 
224 1 0.0000227983919199 
225 2 0.0000227658487257 
229 2 0.0000235375606579 
236 1 0.0000226807346586 
238 2 0.0000234755385283 
253 2 0.0000230229310379 
280 1 0.0000226196697888 
298 1 0.0000210980577362 
299 2 0.0000220781499512 
370 1 0.0000129782146308 
408 1 0.0000203493452205 
466 1 0.0000196419333082 
549 1 0.0000184132209806 
571 1 0.0000184040531525 
