100000
1 159 0.9988797825764055 
2 120 0.9998607182348968 
3 72 0.9999438294474221 
4 62 0.9999494200697487 
5 54 0.9999506124947268 
6 40 0.9999502379212208 
7 22 0.9999493387150170 
8 29 0.9999494809172919 
9 22 0.9999489690423585 
10 21 0.9999487530254906 
11 20 0.9999485709450211 
12 20 0.9999484693620503 
13 19 0.9999485979470242 
14 16 0.9999476259569317 
15 12 0.9999363134376861 
16 12 0.9999110618438227 
17 18 0.9999327527896752 
18 15 0.9999628162669326 
19 14 0.9999367048524233 
20 10 0.9999353587164165 
21 15 0.9999268552728029 
22 14 0.9999281504059323 
23 13 0.9999656423490780 
24 5 0.9999351024584756 
25 8 0.9999350701547247 
26 14 0.9999356504249313 
27 7 0.9999357940730738 
28 11 0.0002563929876833 
29 17 0.0002662101231318 
30 11 0.9999365692626204 
31 13 0.0002866289440363 
32 9 0.0002962570962631 
33 14 0.0003065199647283 
34 15 0.0003166246430104 
35 12 0.0003268447571480 
36 13 0.0003368361636276 
37 15 0.0003470163961166 
38 14 0.0003573715997643 
39 14 0.0003679045131068 
40 13 0.0003777531931703 
41 11 0.0003871172520466 
42 10 0.0003975916959171 
43 8 0.0004086618714178 
44 14 0.0004189758516637 
45 5 0.0004293304760865 
46 9 0.0004393805128104 
47 7 0.0004502195463916 
48 9 0.0004600553914997 
49 7 0.0004706244680095 
50 6 0.0004812500403705 
51 9 0.0004916029077831 
52 7 0.0005029171165938 
53 7 0.0005121127893260 
54 7 0.0005232655125601 
55 7 0.0005350165050240 
56 6 0.0005451168723469 
57 8 0.0005559052078258 
58 8 0.0005662132064317 
59 10 0.0005783862610714 
60 6 0.0005882114355041 
61 5 0.0005971760967218 
62 4 0.0006100746875776 
63 5 0.0006218927224733 
64 6 0.0006312547317207 
65 3 0.0006409011638775 
66 7 0.0006534192387140 
67 4 0.0006647034330044 
68 9 0.0006749244774065 
69 7 0.0006864170234126 
70 7 0.0006975453580328 
71 5 0.0007089576403957 
72 5 0.0007195960984437 
73 4 0.0007310334918131 
74 9 0.0007410646102974 
75 5 0.0007521590708658 
76 9 0.0007619625092367 
77 3 0.0007727327056076 
78 3 0.0007865759996895 
79 6 0.0007921742436541 
80 8 0.0008082211031507 
81 5 0.0008189216919459 
82 5 0.0008312626059503 
83 6 0.0008418270051526 
84 11 0.0008542371980583 
85 5 0.0008650953683997 
86 3 0.0008766427636863 
87 4 0.0008883598897335 
88 4 0.0008995247441092 
89 6 0.0009099569687348 
90 1 0.0009195468101266 
91 4 0.0009341650590927 
92 7 0.0009467130411079 
93 3 0.0009576344496776 
94 8 0.0009674567866830 
95 4 0.0009800499414969 
96 4 0.0009898545577241 
97 2 0.0010000552134958 
98 3 0.0010129066641927 
99 2 0.0010267537746001 
100 3 0.0010392602254886 
101 5 0.0010448542062284 
102 3 0.0010635514511773 
104 5 0.0010853660817117 
105 4 0.0010976064413966 
106 3 0.0011096832834312 
107 4 0.0011207947882620 
108 5 0.0011335043068100 
109 5 0.0011444288453784 
110 8 0.0011560776902026 
111 4 0.0011690179565385 
113 4 0.0011914048929156 
114 6 0.0012038904337833 
115 3 0.0012145633116881 
116 3 0.0012274350816870 
117 3 0.0012383879276635 
118 1 0.0012526628762888 
119 2 0.0012633808301469 
120 1 0.0012733633105427 
121 1 0.0012857369684698 
122 3 0.0013006217071085 
123 5 0.0013111064568601 
124 5 0.0013198491007653 
125 3 0.0013378332280463 
127 2 0.0013622228030952 
128 2 0.0013747445412884 
129 3 0.0013863860098196 
130 2 0.0013964576748852 
131 1 0.0014099996606922 
132 3 0.0014197202033742 
133 1 0.0014293075527668 
134 2 0.0014455797037416 
135 2 0.0014512640883606 
136 2 0.0014708414601825 
137 4 0.0014831439053946 
138 6 0.0014966927175146 
139 5 0.0015072411378284 
140 1 0.0015193204535011 
141 3 0.0015321193284755 
142 1 0.0015456063422741 
143 4 0.0015581968556516 
144 1 0.0015709752959904 
146 1 0.0015896692615859 
147 1 0.0016060519614304 
148 5 0.0016172928958796 
149 2 0.0016324966702702 
150 4 0.0016334844529868 
151 2 0.0016554365133899 
152 1 0.0016681180981828 
153 2 0.0016830649900752 
154 3 0.0016904283402389 
156 2 0.0017181457173713 
157 3 0.0017308050661087 
158 3 0.0017444707701495 
159 2 0.0017530459798741 
160 1 0.0017554078609501 
162 3 0.0017946204755738 
163 2 0.0018033807571118 
164 2 0.0018211551533116 
165 3 0.0018314174666887 
166 2 0.0018434421062968 
167 1 0.0018580295919682 
168 1 0.0018662863684784 
169 2 0.0018794788750229 
171 4 0.0019037072354228 
172 4 0.0019104871750499 
173 3 0.0019335701020455 
174 1 0.0019345810881381 
175 1 0.0019406113405238 
176 4 0.0019667653700951 
177 3 0.0019833158110201 
178 1 0.0019965971984516 
179 2 0.0020068013711254 
180 2 0.0020205881457026 
183 2 0.0020445951014121 
184 2 0.0020687369800029 
185 2 0.0020822473296024 
186 3 0.0020988965339364 
188 1 0.0021236186788515 
190 2 0.0021359168242548 
191 3 0.0021636832362380 
192 2 0.0021768186975425 
193 1 0.0021897315254463 
194 3 0.0022019647033995 
197 1 0.0022366462165931 
198 3 0.0022513752747422 
199 1 0.0022640074252702 
200 3 0.0022772502088040 
201 1 0.0022845084480980 
202 2 0.0023012643003249 
203 2 0.0023138357700526 
204 1 0.0023227797022417 
205 2 0.0023392382640000 
206 2 0.0023471454650699 
209 1 0.0023892441281276 
211 3 0.0024099941923675 
212 1 0.0024272764017311 
213 1 0.0024428001939247 
214 1 0.0024522863217951 
215 1 0.0024629466336501 
219 1 0.0025198735173602 
221 2 0.0025397264351133 
223 2 0.0025658217949020 
226 1 0.0026047772510179 
227 1 0.0026214053676270 
229 4 0.0026407460626646 
230 1 0.0026585545082311 
233 2 0.0026964531176028 
234 2 0.0027098099152762 
236 1 0.0027275171606635 
240 3 0.0027834953781261 
241 1 0.0027946681637501 
244 1 0.0028355130426911 
246 1 0.0028665033922639 
247 1 0.0028763878706434 
249 2 0.0029027890811390 
250 2 0.0029103985676589 
251 1 0.0029252511409655 
254 1 0.0029684086976528 
255 1 0.0029734561265297 
257 1 0.0029915357039270 
258 1 0.0030116333298599 
261 3 0.0030593901607320 
269 1 0.0031558051521795 
271 1 0.0031781723633565 
272 1 0.0032016251143685 
275 2 0.0032373784521869 
285 1 0.0033612628715636 
286 1 0.0033828998801931 
287 1 0.0033947942620101 
289 1 0.0034119040485065 
293 1 0.0034706285383353 
297 1 0.0035220178844635 
299 3 0.0035452725624597 
302 1 0.0035883492860416 
303 1 0.0036007579971341 
304 1 0.0036147778296756 
313 1 0.0037285800917538 
320 1 0.0038207364181439 
323 1 0.0038606045969964 
324 1 0.0038733698053865 
326 2 0.0038984162939213 
354 1 0.0042643135277651 
360 1 0.0043266969857210 
364 1 0.0043906064939946 
380 1 0.0046014515482221 
381 1 0.0046169041997168 
382 1 0.0046300509835544 
414 1 0.0050520334761204 
426 1 0.0052081010968424 
440 1 0.0054002470905951 
446 1 0.0054769047093681 
479 1 0.0059301650249672 
565 1 0.9996963776495906 
913 1 0.0000462561355148 
