100000
1 116 0.9965536863820659 
2 80 0.9953498981975926 
3 79 0.9933177733351747 
4 50 0.9888699598818305 
5 61 0.9825964861502020 
6 47 0.9733782826485223 
7 45 0.9654124721445451 
8 43 0.9590850093357060 
9 37 0.9527128197565229 
10 25 0.9455099754321262 
11 34 0.9405362913345304 
12 27 0.9330067250396139 
13 27 0.9105243135919550 
14 25 0.9072315437394486 
15 34 0.9212809318722665 
16 30 0.9200557128227738 
17 28 0.9222385440822034 
18 25 0.9201641537434904 
19 17 0.9159463108260038 
20 20 0.9206746702691823 
21 17 0.9215027396095109 
22 17 0.9177086603510588 
23 18 0.9190027661910094 
24 15 0.9167795033043554 
25 19 0.9166886805346484 
26 13 0.9179070974915677 
27 16 0.9179479908437702 
28 14 0.9159693476482849 
29 13 0.9190246254282102 
30 11 0.9145895940156882 
31 12 0.9133958112249544 
32 9 0.9118440219676078 
33 16 0.9118630287503554 
34 22 0.9104365837722707 
35 12 0.9129684515349733 
36 10 0.9113469999536177 
37 3 0.9102363491216496 
38 16 0.9099190942346063 
39 6 0.6742314840833187 
40 12 0.0051599608069854 
41 13 0.0011050698357510 
42 11 0.0004703147629094 
43 12 0.0000038871443425 
44 9 0.0000091037722988 
45 15 0.0002608787981424 
46 10 0.0000043291353920 
47 10 0.0000048811650789 
48 11 0.0000046311754479 
49 10 0.0000493512952280 
50 4 0.0000238625322161 
51 8 0.0001661185821122 
52 8 0.0001328218422996 
53 6 0.0000596837984053 
54 9 0.0000722656966171 
55 10 0.0001031843294158 
56 3 0.0000793432562976 
57 7 0.0000328868429124 
58 9 0.0000304962960253 
59 11 0.0000252150862150 
60 2 0.0000334359513521 
61 5 0.0000504812835927 
62 8 0.0000464733054812 
63 5 0.0000306181569931 
64 12 0.0000423505923772 
65 9 0.0000176794183729 
66 2 0.0000195869226481 
67 5 0.0000379968588561 
68 5 0.0000246844456446 
69 3 0.0000258822587015 
70 5 0.0000179055115209 
71 6 0.0000141796242915 
72 4 0.0000307030110007 
73 5 0.0000320321329658 
74 8 0.0000284022208634 
75 7 0.0000243544134627 
76 8 0.0000273431023702 
77 6 0.0000231660494603 
78 2 0.0000273255541511 
79 5 0.0000262707696615 
80 2 0.0000277880535519 
81 1 0.0000213975095880 
82 7 0.0000122164036588 
83 9 0.0000266919624955 
84 4 0.0000119313527339 
85 3 0.0000252083253751 
86 7 0.0000158718586783 
87 6 0.0000232110699553 
88 3 0.0000251968457180 
89 2 0.0000261986591711 
90 4 0.0000241122598358 
91 5 0.0000192533098217 
92 2 0.0000201334797093 
93 3 0.0000216638494319 
94 7 0.0000236525485014 
95 2 0.0000138858846336 
96 10 0.0000233283543063 
97 7 0.0000139341072065 
98 6 0.0000146863724234 
99 4 0.0000173999290489 
100 3 0.0000192446343635 
101 6 0.0000156568422344 
102 2 0.0000173318859023 
103 2 0.0000186625406223 
104 6 0.0000200436020759 
105 4 0.0000209135256617 
106 10 0.0000217577563423 
107 1 0.0000235227016075 
108 2 0.0000234216511290 
109 4 0.0000253979249272 
110 10 0.0000259021833426 
111 5 0.0000279910887777 
112 3 0.0000170996668589 
113 3 0.0000129672544599 
114 3 0.0000190879940630 
115 2 0.0000170908427526 
116 4 0.0000208220638662 
117 3 0.0000207407882940 
119 1 0.0000215418107238 
120 2 0.0000230782340067 
121 4 0.0000151630736491 
122 2 0.0000187594755330 
123 3 0.0000192096997505 
124 2 0.0000243862396501 
125 1 0.0000194220599209 
127 1 0.0000208295714012 
128 2 0.0000206526920141 
130 3 0.0000228842259469 
131 2 0.0000223859505986 
132 1 0.0000229483070921 
135 1 0.0000231331321225 
136 3 0.0000230069743980 
137 1 0.0000245335144720 
138 2 0.0000237770951146 
139 2 0.0000203271983339 
141 18 0.0000096425410940 
142 2 0.0000093171492688 
143 3 0.0000101357642304 
145 3 0.0000107564342359 
148 1 0.0000093331262857 
149 14 0.0000122367386266 
150 3 0.0000126259282067 
151 19 0.0000148096221071 
152 1 0.0000130274550979 
155 1 0.0000101158926068 
156 2 0.0000101539685102 
157 2 0.0000101853345586 
158 3 0.0000105915420162 
162 1 0.0000150130179869 
163 1 0.0000154452362782 
164 2 0.0000109677187804 
165 1 0.0000115967114342 
166 1 0.0000122228189784 
173 1 0.0000115604724753 
177 1 0.0000139099628734 
178 2 0.0000142730473768 
180 1 0.0000167394864968 
181 1 0.0000148365184942 
184 1 0.0000130261830866 
187 1 0.0000178866223870 
189 1 0.0000179040939314 
192 1 0.0000186173021263 
197 1 0.0000146985626165 
204 1 0.0000152005799600 
206 1 0.0000151662068975 
209 1 0.0000149065732771 
211 1 0.0000163343452637 
222 1 0.0000168661711772 
237 2 0.0000216736518816 
242 1 0.0000144547388954 
413 1 0.0000128584334063 
549 1 0.0000113761478250 
