100000
1 1153 0.0007182165330383 
2 250 0.0004137302943731 
3 123 0.0003229814227363 
4 59 0.0002867439512551 
5 40 0.0002853350650364 
6 24 0.0002921622960931 
7 14 0.0002739136665004 
8 14 0.0003170593184284 
9 9 0.0002879896998123 
10 4 0.0003225956936102 
11 10 0.0003574415657519 
12 12 0.0003940230339133 
13 5 0.0003441642807861 
14 4 0.0003728163383646 
15 4 0.0003994255138857 
16 8 0.0004316061656197 
17 7 0.0004502758832330 
18 5 0.0004566976976222 
19 2 0.0004662536205250 
20 2 0.0004333164236360 
21 2 0.0004594197980962 
22 4 0.0004825469610379 
23 2 0.0004964295274513 
24 1 0.0005074010078517 
25 4 0.0005144333333884 
26 4 0.0004856751740113 
27 1 0.0005061336411524 
28 3 0.0005079211356902 
29 2 0.0005233465222983 
30 2 0.0005279934377843 
31 1 0.0005337038759188 
32 4 0.0005364295293330 
33 2 0.0005375178430301 
34 1 0.0005054745176813 
35 1 0.0005178306433765 
37 1 0.0005462848636743 
39 2 0.0005570585128641 
40 4 0.0005550536576426 
41 6 0.0005462084736600 
42 3 0.0005394080103602 
45 3 0.0005507768518773 
46 1 0.0005510122110461 
47 1 0.0005543731380254 
48 1 0.0005575669905430 
49 1 0.0005606071002921 
50 2 0.0005617695330938 
51 1 0.0005628716346621 
53 2 0.0005697570815202 
54 1 0.0005271731551637 
55 1 0.0005290516364885 
57 1 0.0005359272071090 
60 1 0.0005473815697245 
63 2 0.0005562408095858 
71 1 0.0005869020392667 
75 1 0.0005997989549021 
80 1 0.0006159029579839 
84 1 0.0006268034354458 
87 2 0.0006302480655813 
105 1 0.0006871516412810 
106 1 0.0006835306013100 
109 1 0.0006867178341621 
116 1 0.0007023969412792 
117 1 0.0006980674882883 
135 1 0.0006208332964102 
158 1 0.0006656755218822 
165 1 0.0006725963779573 
218 1 0.0007646068027894 
382 1 0.0009926672765280 
403 1 0.0009933207325693 
