100000
1 115 0.9947699080579343 
2 136 0.9907778847226519 
3 142 0.9785702374861083 
4 134 0.9507973909023781 
5 126 0.8689206543235279 
6 113 0.7615898252530265 
7 83 0.7184150806704592 
8 108 0.6706093873701318 
9 71 0.0008161793010783 
10 67 0.0001378185018461 
11 33 0.0000589561776279 
12 61 0.0000323681344379 
13 64 0.0000232733156720 
14 39 0.0000198010787551 
15 63 0.0000178366451527 
16 60 0.0000163140011232 
17 54 0.0000153890856271 
18 40 0.0000149285949603 
19 35 0.0000146820392979 
20 22 0.0000146254584139 
21 15 0.0000145819881768 
22 20 0.0000145544991619 
23 23 0.0000144501895447 
24 20 0.0000145310067067 
25 16 0.0000146079851086 
26 15 0.0000145807482214 
27 18 0.0000145491587126 
28 9 0.0000146107076830 
29 13 0.0000146866902510 
30 9 0.0000146926999791 
31 21 0.0000147203370803 
32 11 0.0000147276575705 
33 10 0.0000148633549264 
34 14 0.0000148615012072 
35 15 0.0000150253010775 
36 11 0.0000150624995552 
37 9 0.0000151176417941 
38 7 0.0000151536699407 
39 5 0.0000151975092751 
40 5 0.0000152480004588 
41 4 0.0000152690217226 
42 5 0.0000153011235233 
43 7 0.0000153420478680 
44 6 0.0000154614633259 
45 2 0.0000155042396521 
46 5 0.0000155185720895 
47 5 0.0000155145439403 
48 5 0.0000154885430104 
49 3 0.0000156088558267 
50 6 0.0000156949053019 
51 2 0.0000156631471958 
52 4 0.0000157027263088 
53 3 0.0000157671572530 
54 5 0.0000158801516052 
55 3 0.0000159488356972 
56 3 0.0000159702286042 
57 6 0.0000160540972405 
58 2 0.0000161348752468 
59 2 0.0000161289083878 
60 2 0.0000160212733576 
61 1 0.0000159854290174 
62 4 0.0000160491690738 
63 4 0.0000161519504937 
64 1 0.0000164451391781 
66 4 0.0000161497972819 
67 2 0.0000162882330144 
68 2 0.0000164042168554 
70 6 0.0000164687991691 
71 1 0.0000164829696901 
72 2 0.0000165305336133 
73 2 0.0000166026138026 
74 3 0.0000165981492783 
76 1 0.0000166406623462 
77 3 0.0000167412290923 
78 2 0.0000165180741136 
79 2 0.0000168359449426 
80 2 0.0000169953564404 
81 2 0.0000167570329313 
82 1 0.0000168649983363 
83 2 0.0000169968661616 
84 1 0.0000168844784626 
86 1 0.0000169498512059 
87 4 0.0000170212072343 
88 1 0.0000175243010347 
89 1 0.0000170838160389 
90 2 0.0000172916450721 
91 2 0.0000172972046186 
92 1 0.0000172590299852 
93 1 0.0000174340341578 
94 1 0.0000173066788544 
95 1 0.0000174150400557 
97 2 0.0000172930544482 
99 2 0.0000175502226126 
101 1 0.0000174314184321 
104 2 0.0000175771258780 
105 2 0.0000175716624198 
106 1 0.0000177571177086 
111 1 0.0000176648368711 
112 1 0.0000176641579014 
113 1 0.0000176171041800 
123 2 0.0000179899930650 
128 1 0.0000179419300203 
130 1 0.0000179496855953 
141 1 0.0000176735550528 
146 1 0.0000176218407341 
148 1 0.0000180592611550 
151 1 0.0000179685350844 
154 1 0.0000178782934899 
173 1 0.0000177229984402 
223 1 0.0000170017390174 
273 1 0.0000163041416240 
