100000
1 135 0.9989376624857876 
2 106 0.9987037008415618 
3 78 0.9988653103447196 
4 51 0.9990600560640802 
5 39 0.9990923438781690 
6 49 0.9992014290312444 
7 29 0.9992041970222703 
8 26 0.9992388953650581 
9 16 0.9993015373902364 
10 24 0.9995700676623466 
11 25 0.0000142263033456 
12 27 0.0000116727033502 
13 21 0.0000100962478051 
14 25 0.0000090308273655 
15 24 0.0000084779262984 
16 19 0.0000081391776134 
17 23 0.0000078470085567 
18 21 0.0000075601035677 
19 13 0.0000074010355031 
20 17 0.0000072781729853 
21 11 0.0000071800635304 
22 8 0.0000071453881197 
23 9 0.0000071000082543 
24 8 0.0000067100599596 
25 10 0.0000070869530425 
26 14 0.9987415000814445 
27 10 0.0000069136093934 
28 4 0.9987726683003095 
29 10 0.9989614284861247 
30 13 0.9991314237404464 
31 6 0.9991764465604600 
32 12 0.9993365103136168 
33 10 0.9992418508856916 
34 8 0.0000074198516294 
35 7 0.0000072836529959 
36 12 0.9992662350351279 
37 3 0.9994110790979325 
38 11 0.0000075706618699 
39 10 0.0000072928874859 
40 9 0.0000072169625189 
41 9 0.7157484839489703 
42 8 0.0000071463086000 
43 7 0.0000718017376211 
44 3 0.0000317076216074 
45 5 0.0000124988492714 
46 4 0.0000071307628868 
47 4 0.0000076339046196 
48 7 0.0000069566510194 
49 5 0.0000071518223296 
50 6 0.0000078387838500 
51 3 0.0000076230239146 
52 2 0.0000073219394309 
53 5 0.0000074815176375 
54 5 0.0000069952927593 
55 3 0.0000074284971812 
56 8 0.0000071001403339 
57 1 0.0000069068205290 
58 2 0.0000073039168936 
59 7 0.0000067603845669 
60 1 0.0000073799266234 
61 2 0.0000071698939338 
62 4 0.0000069328040668 
63 3 0.0000067814711301 
64 5 0.0000073308193684 
65 3 0.0000074969266363 
66 3 0.0000064081160179 
67 3 0.0000064666381441 
68 6 0.0000066031287845 
69 4 0.0000067719755955 
70 6 0.0000069298467871 
71 7 0.0000072249345013 
72 3 0.0000065331531149 
73 2 0.0000066271061817 
74 2 0.0000070157166323 
75 4 0.0000071253708433 
76 2 0.0000075152783110 
77 2 0.0000082670158058 
78 3 0.0000076807784361 
79 6 0.0000066072337623 
80 3 0.0000067513556293 
81 2 0.0000068581254620 
82 3 0.0000066502530194 
83 1 0.0000074703825398 
84 1 0.0000068559578779 
85 2 0.0000072841345348 
86 4 0.0000066869810532 
87 3 0.0000067833239268 
88 3 0.0000066790802798 
89 2 0.0000067652010651 
90 1 0.0000066920269916 
91 2 0.0000075684650347 
92 3 0.0000067321804602 
93 3 0.0000068287371669 
94 1 0.0000067537808591 
95 1 0.0000067569099118 
96 3 0.0000083655292562 
97 3 0.0000067322173228 
98 2 0.0000068085163884 
99 1 0.0000069532653399 
101 1 0.0000068812151579 
102 2 0.0000067801886047 
103 1 0.0000068334675459 
104 4 0.0000069196603190 
105 1 0.0000070690554071 
107 1 0.0000069033570558 
108 1 0.0000070960709402 
110 1 0.0000070191830569 
111 2 0.0000069634083064 
112 1 0.0000071288700087 
114 1 0.0000070241691113 
116 1 0.0000104354372160 
117 2 0.0000099901500252 
118 1 0.0000072275627503 
120 1 0.0000072350543627 
121 1 0.0000073125452881 
122 2 0.0000071438735632 
123 2 0.0000072157907542 
125 1 0.0000073441205675 
128 3 0.0000072380004853 
129 1 0.0000073494470075 
130 1 0.0000125039053402 
133 2 0.0000092030314171 
136 1 0.0000113804583783 
137 1 0.0000109494916036 
138 3 0.0000083515078072 
143 1 0.0000077601256116 
144 1 0.0000079240088951 
147 2 0.0000173199519038 
149 1 0.0000077708898448 
170 2 0.0000218828623763 
171 1 0.0000286140213760 
179 1 0.0000084762802782 
182 1 0.0000416951884883 
196 1 0.0000517810505996 
199 1 0.0000089143321898 
211 1 0.0001330532642102 
218 1 0.0000092822403116 
223 1 0.0000093883461385 
243 1 0.0000097351297393 
274 1 0.0000103092502007 
277 1 0.0000103086563520 
301 1 0.0000106999619616 
306 1 0.0000107311386740 
351 1 0.0000114444421654 
