100000
1 971 0.9992301448475057 
2 487 0.9981771854513669 
3 355 0.9952655589054231 
4 243 0.9901831064794833 
5 208 0.9720573926130877 
6 182 0.0000094724440027 
7 156 0.0000064123112626 
8 146 0.0000052743586358 
9 119 0.0000045617127009 
10 127 0.0000029929129083 
11 121 0.0000033416838528 
12 105 0.0000037492126932 
13 85 0.0000042145480413 
14 84 0.0000048828359688 
15 81 0.0000063330823815 
16 82 0.0000035969963175 
17 62 0.0000035414548885 
18 72 0.0000034954895144 
19 53 0.0000034596400644 
20 42 0.0000034513822451 
21 41 0.0000034512429246 
22 52 0.0000034370731039 
23 41 0.0000034209421133 
24 51 0.0000034032897448 
25 44 0.0000033814153743 
26 32 0.0000033758078020 
27 42 0.0000033693036960 
28 31 0.0000033624063522 
29 26 0.0000033680193500 
30 26 0.0000033761706236 
31 22 0.0000033859118985 
32 22 0.0000033973834727 
33 23 0.0000034061054740 
34 18 0.0000034166391368 
35 10 0.0000034389710625 
36 19 0.0000034573802996 
37 20 0.0000034653803421 
38 20 0.0000034702966478 
39 19 0.0000034755903264 
40 16 0.0000034828134242 
41 8 0.0000035012847462 
42 15 0.0000035186577999 
43 13 0.0000035296006541 
44 11 0.0000035442957395 
45 7 0.0000035639858552 
46 12 0.0000035811935409 
47 13 0.0000035914249526 
48 10 0.0000036031071124 
49 9 0.0000036183258410 
50 14 0.0000036278657799 
51 11 0.0000036345275502 
52 5 0.0000036510207873 
53 6 0.0000036722018565 
54 10 0.0000036865516353 
55 8 0.0000036981787086 
56 13 0.0000037052779572 
57 9 0.0000037108290922 
58 10 0.0000037192695061 
59 4 0.0000037332458222 
60 6 0.0000037512764652 
61 3 0.0000037702646457 
62 1 0.0000037965410178 
63 5 0.0000038178638904 
64 5 0.0000038339404587 
65 6 0.0000038478360657 
66 6 0.0000038602844646 
67 2 0.0000038778715421 
68 5 0.0000038971369098 
69 4 0.0000039121636800 
70 5 0.0000039266280908 
72 1 0.0000039736381351 
73 2 0.0000039958704560 
74 5 0.0000040109248989 
75 3 0.0000040259662102 
76 1 0.0000040466008795 
77 2 0.0000040668518768 
78 3 0.0000040845787004 
79 3 0.0000041010017768 
80 1 0.0000041201365916 
81 3 0.0000041381451772 
83 4 0.0000041757802437 
85 2 0.0000042149925745 
86 1 0.0000042340360263 
87 2 0.0000042527372152 
88 5 0.0000042634637377 
89 2 0.0000042738149240 
90 1 0.0000042923859467 
91 3 0.0000043075699708 
92 2 0.0000043218546031 
93 2 0.0000043365123664 
94 5 0.0000043452133998 
95 3 0.0000043531316066 
96 4 0.0000043611120764 
97 2 0.0000043713697554 
98 3 0.0000043839153317 
99 3 0.0000043932178550 
100 2 0.0000044046669276 
101 3 0.0000044156048912 
102 2 0.0000044271618050 
103 1 0.0000044427515190 
105 3 0.0000044761675174 
107 1 0.0000045100607663 
108 1 0.0000045255102317 
109 3 0.0000045378215548 
111 2 0.0000045679124813 
112 2 0.0000045789576906 
113 2 0.0000045895647940 
114 1 0.0000046026100573 
115 2 0.0000046139708364 
116 3 0.0000046234302678 
118 3 0.0000046481000258 
119 1 0.0000046574077357 
121 1 0.0000046914046036 
123 3 0.0000047189477130 
125 2 0.0000047448146290 
126 1 0.0000047552451235 
127 2 0.0000047653843032 
128 2 0.0000047753266275 
129 1 0.0000047847995143 
130 1 0.0000047981481972 
133 1 0.0000048476464898 
134 1 0.0000048594613008 
136 1 0.0000048895251494 
137 1 0.0000049024527957 
138 2 0.0000049104315806 
139 1 0.0000049205975769 
140 1 0.0000049315268877 
142 1 0.0000049606441510 
143 1 0.0000049718594538 
145 1 0.0000050004703328 
146 1 0.0000050114200548 
149 1 0.0000050566623494 
151 1 0.0000050839962969 
152 1 0.0000050938201063 
157 1 0.0000051702033731 
159 1 0.0000051959259313 
163 1 0.0000052535736438 
164 1 0.0000052624609433 
166 1 0.0000052869249493 
169 2 0.0000053233185203 
173 3 0.0000053589794830 
174 1 0.0000053908429023 
175 2 0.0000053711165223 
178 1 0.0000054055068694 
181 1 0.0000054428817070 
187 1 0.0000055239017281 
188 1 0.0000055305613811 
190 2 0.0000055469417848 
191 2 0.0000055446122570 
194 1 0.0000055753490278 
196 2 0.0000055905863519 
203 1 0.0000056760230311 
207 1 0.0000057224782266 
208 1 0.0000057270636830 
212 1 0.0000057730349001 
215 1 0.0000058038324498 
220 1 0.0000058615790065 
224 1 0.0000059036695374 
225 1 0.0000059082080054 
233 1 0.0000060012010689 
239 1 0.0000060673049128 
241 1 0.0000060811511534 
242 1 0.0000060833113976 
245 1 0.0000061089783873 
252 1 0.0000061846947130 
261 1 0.0000062821530088 
296 1 0.0000066780727431 
315 1 0.0000068746547521 
349 1 0.0000072207509502 
351 1 0.0000072227524850 
352 1 0.0000072142829312 
355 1 0.0000072263238292 
395 1 0.0000076048949221 
477 1 0.0000083372305954 
