100000
806 1 0.005233619796931747
636 1 0.005619084297292707
429 1 0.006323616070115345
286 1 0.007141556429790487
214 1 0.007790737115464614
212 1 0.007812713954047961
196 1 0.0079988188372714
152 1 0.008632758777494283
135 1 0.008945457393829992
121 1 0.009244151853508603
116 1 0.009361927753701184
105 2 0.009645969677974299
96 2 0.009908805693253878
95 1 0.00993998205889892
84 1 0.01031380453015598
83 2 0.010350927206503538
82 3 0.01038863592324708
79 1 0.010505447450782052
78 1 0.010545673016764668
76 2 0.010628172740666374
71 1 0.010847388069612867
64 3 0.01119047934371371
58 2 0.011525885052107934
53 1 0.011841859969557451
52 1 0.01190972350381323
48 1 0.012199170772169811
44 2 0.012521803352408108
43 1 0.012608462916055427
42 1 0.012697782827633024
41 3 0.012789911079179948
40 4 0.01288500776796632
39 1 0.012983246419552051
37 2 0.013189920104254214
36 1 0.01329878398928123
35 1 0.013411651777451105
32 1 0.013777096126664818
31 1 0.013908944492584473
30 3 0.014046441205439133
29 1 0.014190028990758363
27 2 0.014497514535744624
26 4 0.0146625895562023
25 1 0.014836131686692816
23 2 0.01521193045640949
22 1 0.015416148242320885
20 3 0.015863305329437583
19 3 0.016109297494762247
18 7 0.016372723612684405
17 4 0.016655896202093366
16 4 0.016961594928459275
15 4 0.01729319761745422
14 7 0.01765485973056428
13 5 0.018051765217287977
12 12 0.018490485237067228
11 14 0.018979504783830408
10 15 0.019530019733521718
9 13 0.0201571872069968
8 12 0.020882172837592104
7 25 0.021735681925672348
6 34 0.022764457599651972
5 41 0.024044274687441233
4 64 0.025708970427504474
3 99 0.02802633479663874
2 237 0.031651455314671804
1 354 0.038967512384894445
