100000
806 1 0.0
636 1 0.0
429 1 0.0
286 1 0.0
214 1 0.0
212 1 0.0
196 1 0.0
152 1 0.0
135 1 0.0
121 1 0.0
116 1 0.0
105 2 0.0
96 2 0.0
95 1 0.0
84 1 0.0
83 2 0.0
82 3 0.0
79 1 0.0
78 1 0.0
76 2 0.0
71 1 0.0
64 3 0.0
58 2 0.0
53 1 0.0
52 1 0.0
48 1 0.0
44 2 0.0
43 1 0.0
42 1 0.0
41 3 0.0
40 4 0.0
39 1 0.0
37 2 0.0
36 1 0.0
35 1 0.0
32 1 0.0
31 1 0.0
30 3 0.0
29 1 0.0
27 2 0.0
26 4 0.0
25 1 0.0
23 2 0.0
22 1 0.0
20 3 0.0
19 3 0.0
18 7 0.0
17 4 0.0
16 4 0.0
15 4 0.0
14 7 0.0
13 5 0.0
12 12 0.0
11 14 0.0
10 15 0.0
9 13 0.0
8 12 0.0
7 25 0.0
6 34 0.0
5 41 0.0
4 64 0.0
3 99 0.0
2 237 0.0
1 354 0.0
