100000
806 1 0.05
636 1 0.05
429 1 0.05
286 1 0.05
214 1 0.05
212 1 0.05
196 1 0.05
152 1 0.05
135 1 0.05
121 1 0.05
116 1 0.05
105 2 0.05
96 2 0.05
95 1 0.05
84 1 0.05
83 2 0.05
82 3 0.05
79 1 0.05
78 1 0.05
76 2 0.05
71 1 0.05
64 3 0.05
58 2 0.05
53 1 0.05
52 1 0.05
48 1 0.05
44 2 0.05
43 1 0.05
42 1 0.05
41 3 0.05
40 4 0.05
39 1 0.05
37 2 0.05
36 1 0.05
35 1 0.05
32 1 0.05
31 1 0.05
30 3 0.05
29 1 0.05
27 2 0.05
26 4 0.05
25 1 0.05
23 2 0.05
22 1 0.05
20 3 0.05
19 3 0.05
18 7 0.05
17 4 0.05
16 4 0.05
15 4 0.05
14 7 0.05
13 5 0.05
12 12 0.05
11 14 0.05
10 15 0.05
9 13 0.05
8 12 0.05
7 25 0.05
6 34 0.05
5 41 0.05
4 64 0.05
3 99 0.05
2 237 0.05
1 354 0.05
