100000
806 1 0.25352555208071165
636 1 0.2361339104730903
429 1 0.20982557032015722
286 1 0.18579372178070006
214 1 0.1703120422025091
212 1 0.16983296152935257
196 1 0.16588153518554843
152 1 0.15370015340365997
135 1 0.14832739009106952
121 1 0.14353467677989917
116 1 0.14172896686508804
105 2 0.13755551724648482
96 2 0.13390678851448412
95 1 0.13348679510037695
84 1 0.12864858399421272
83 2 0.1281871973328141
82 3 0.12772190287547783
79 1 0.1263017453196521
78 1 0.12581997813589832
76 2 0.12484331792244384
71 1 0.1223203539766986
64 3 0.11857010836117843
58 2 0.11511969296926126
53 1 0.11204796812398465
52 1 0.11140950064649556
48 1 0.10876610985925737
44 2 0.10596367879731086
43 1 0.10523537700285929
42 1 0.10449512063713576
41 3 0.10374242167778523
40 4 0.10297675968006692
39 1 0.10219757875037257
37 2 0.10059623848439425
36 1 0.09977275737895318
35 1 0.09893310461791854
32 1 0.0963088546525857
31 1 0.09539590506706487
30 3 0.09446210103979016
29 1 0.09350624648207653
27 2 0.09152302245507031
26 4 0.0904926338769676
25 1 0.08943411776182733
23 2 0.0872247182696393
22 1 0.08606925202983817
20 3 0.08364311981913453
19 3 0.08236587280290004
18 7 0.081040661272124
17 4 0.07966286126536376
16 4 0.07822709798188711
15 4 0.07672706793441442
14 7 0.07515530390199564
13 5 0.07350285871915438
12 12 0.07175887119164188
11 14 0.06990995621382484
10 15 0.06793932451180378
9 13 0.06582547132057669
8 12 0.06354014779578185
7 25 0.0610450756932771
6 34 0.05828631508522956
5 41 0.055183879141536545
4 64 0.05161063731195318
3 99 0.04734319910275231
2 237 0.04192086383410651
1 354 0.03405032210657646
