100000
806 1 0.04
636 1 0.04
429 1 0.04
286 1 0.04
214 1 0.04
212 1 0.04
196 1 0.04
152 1 0.04
135 1 0.04
121 1 0.04
116 1 0.04
105 2 0.04
96 2 0.04
95 1 0.04
84 1 0.04
83 2 0.04
82 3 0.04
79 1 0.04
78 1 0.04
76 2 0.04
71 1 0.04
64 3 0.04
58 2 0.04
53 1 0.04
52 1 0.04
48 1 0.04
44 2 0.04
43 1 0.04
42 1 0.04
41 3 0.04
40 4 0.04
39 1 0.04
37 2 0.04
36 1 0.04
35 1 0.04
32 1 0.04
31 1 0.04
30 3 0.04
29 1 0.04
27 2 0.04
26 4 0.04
25 1 0.04
23 2 0.04
22 1 0.04
20 3 0.04
19 3 0.04
18 7 0.04
17 4 0.04
16 4 0.04
15 4 0.04
14 7 0.04
13 5 0.04
12 12 0.04
11 14 0.04
10 15 0.04
9 13 0.04
8 12 0.04
7 25 0.04
6 34 0.04
5 41 0.04
4 64 0.04
3 99 0.04
2 237 0.04
1 354 0.04
