100000
806 1 0.5070511041614233
636 1 0.4722678209461806
429 1 0.41965114064031445
286 1 0.3715874435614001
214 1 0.3406240844050182
212 1 0.33966592305870513
196 1 0.33176307037109687
152 1 0.30740030680731995
135 1 0.29665478018213903
121 1 0.28706935355979835
116 1 0.2834579337301761
105 2 0.27511103449296964
96 2 0.26781357702896824
95 1 0.2669735902007539
84 1 0.25729716798842545
83 2 0.2563743946656282
82 3 0.25544380575095565
79 1 0.2526034906393042
78 1 0.25163995627179664
76 2 0.24968663584488768
71 1 0.2446407079533972
64 3 0.23714021672235686
58 2 0.23023938593852253
53 1 0.2240959362479693
52 1 0.22281900129299112
48 1 0.21753221971851475
44 2 0.21192735759462172
43 1 0.21047075400571857
42 1 0.20899024127427152
41 3 0.20748484335557046
40 4 0.20595351936013384
39 1 0.20439515750074513
37 2 0.2011924769687885
36 1 0.19954551475790636
35 1 0.1978662092358371
32 1 0.1926177093051714
31 1 0.19079181013412974
30 3 0.18892420207958033
29 1 0.18701249296415307
27 2 0.18304604491014062
26 4 0.1809852677539352
25 1 0.17886823552365466
23 2 0.1744494365392786
22 1 0.17213850405967634
20 3 0.16728623963826905
19 3 0.1647317456058001
18 7 0.162081322544248
17 4 0.15932572253072752
16 4 0.15645419596377422
15 4 0.15345413586882883
14 7 0.15031060780399128
13 5 0.14700571743830876
12 12 0.14351774238328377
11 14 0.13981991242764968
10 15 0.13587864902360755
9 13 0.13165094264115337
8 12 0.1270802955915637
7 25 0.1220901513865542
6 34 0.11657263017045912
5 41 0.11036775828307309
4 64 0.10322127462390636
3 99 0.09468639820550462
2 237 0.08384172766821302
1 354 0.06810064421315291
