100000
806 1 0.35493577291299633
636 1 0.3305874746623264
429 1 0.29375579844822014
286 1 0.2601112104929801
214 1 0.23843685908351275
212 1 0.2377661461410936
196 1 0.23223414925976782
152 1 0.21518021476512397
135 1 0.20765834612749734
121 1 0.20094854749185886
116 1 0.1984205536111233
105 2 0.19257772414507873
96 2 0.18746950392027778
95 1 0.18688151314052773
84 1 0.18010801759189785
83 2 0.17946207626593974
82 3 0.17881066402566897
79 1 0.17682244344751297
78 1 0.17614796939025765
76 2 0.17478064509142138
71 1 0.17124849556737806
64 3 0.16599815170564983
58 2 0.16116757015696578
53 1 0.15686715537357854
52 1 0.1559733009050938
48 1 0.15227255380296031
44 2 0.14834915031623522
43 1 0.147329527804003
42 1 0.14629316889199007
41 3 0.14523939034889932
40 4 0.1441674635520937
39 1 0.1430766102505216
37 2 0.14083473387815196
36 1 0.13968186033053445
35 1 0.13850634646508597
32 1 0.13483239651361997
31 1 0.13355426709389082
30 3 0.13224694145570623
29 1 0.13090874507490716
27 2 0.12813223143709843
26 4 0.12668968742775463
25 1 0.12520776486655827
23 2 0.12211460557749504
22 1 0.12049695284177345
20 3 0.11710036774678835
19 3 0.11531222192406007
18 7 0.11345692578097362
17 4 0.11152800577150927
16 4 0.10951793717464196
15 4 0.10741789510818017
14 7 0.10521742546279389
13 5 0.10290400220681613
12 12 0.10046241966829865
11 14 0.09787393869935479
10 15 0.09511505431652528
9 13 0.09215565984880737
8 12 0.08895620691409459
7 25 0.08546310597058794
6 34 0.0816008411193214
5 41 0.07725743079815116
4 64 0.07225489223673445
3 99 0.06628047874385323
2 237 0.058689209367749115
1 354 0.04767045094920705
