100000
806 1 0.10141022083228465
636 1 0.09445356418923612
429 1 0.08393022812806289
286 1 0.07431748871228001
214 1 0.06812481688100364
212 1 0.06793318461174101
196 1 0.06635261407421937
152 1 0.061480061361463986
135 1 0.05933095603642781
121 1 0.05741387071195967
116 1 0.05669158674603522
105 2 0.055022206898593926
96 2 0.05356271540579365
95 1 0.05339471804015077
84 1 0.051459433597685095
83 2 0.05127487893312564
82 3 0.05108876115019113
79 1 0.05052069812786084
78 1 0.05032799125435933
76 2 0.04993732716897753
71 1 0.048928141590679444
64 3 0.04742804334447137
58 2 0.046047877187704506
53 1 0.04481918724959386
52 1 0.04456380025859822
48 1 0.04350644394370295
44 2 0.04238547151892434
43 1 0.04209415080114371
42 1 0.0417980482548543
41 3 0.04149696867111409
40 4 0.04119070387202677
39 1 0.04087903150014903
37 2 0.0402384953937577
36 1 0.03990910295158127
35 1 0.039573241847167415
32 1 0.03852354186103427
31 1 0.038158362026825945
30 3 0.037784840415916066
29 1 0.03740249859283061
27 2 0.03660920898202812
26 4 0.036197053550787034
25 1 0.03577364710473093
23 2 0.03488988730785572
22 1 0.03442770081193527
20 3 0.03345724792765381
19 3 0.03294634912116002
18 7 0.0324162645088496
17 4 0.031865144506145505
16 4 0.03129083919275484
15 4 0.030690827173765763
14 7 0.030062121560798252
13 5 0.02940114348766175
12 12 0.028703548476656755
11 14 0.027963982485529938
10 15 0.027175729804721507
9 13 0.026330188528230675
8 12 0.02541605911831274
7 25 0.024418030277310838
6 34 0.02331452603409182
5 41 0.022073551656614617
4 64 0.020644254924781273
3 99 0.018937279641100924
2 237 0.016768345533642603
1 354 0.013620128842630584
