100000
806 1 0.017445399323105827
636 1 0.01873028099097569
429 1 0.021078720233717818
286 1 0.023805188099301627
214 1 0.025969123718215383
212 1 0.026042379846826537
196 1 0.026662729457571335
152 1 0.028775862591647612
135 1 0.02981819131276664
121 1 0.03081383951169535
116 1 0.031206425845670616
105 2 0.03215323225991434
96 2 0.03302935231084626
95 1 0.033133273529663075
84 1 0.03437934843385326
83 2 0.03450309068834513
82 3 0.0346287864108236
79 1 0.035018158169273506
78 1 0.03515224338921556
76 2 0.03542724246888792
71 1 0.036157960232042895
64 3 0.03730159781237904
58 2 0.038419616840359785
53 1 0.03947286656519151
52 1 0.0396990783460441
48 1 0.040663902573899374
44 2 0.04173934450802703
43 1 0.042028209720184756
42 1 0.04232594275877675
41 3 0.04263303693059983
40 4 0.04295002589322107
39 1 0.04327748806517351
37 2 0.04396640034751405
36 1 0.044329279964270774
35 1 0.04470550592483702
32 1 0.0459236537555494
31 1 0.04636314830861491
30 3 0.04682147068479711
29 1 0.04730009663586121
27 2 0.04832504845248208
26 4 0.048875298520674335
25 1 0.04945377228897606
23 2 0.05070643485469831
22 1 0.05138716080773629
20 3 0.05287768443145862
19 3 0.053697658315874155
18 7 0.05457574537561469
17 4 0.05551965400697789
16 4 0.056538649761530925
15 4 0.05764399205818074
14 7 0.05884953243521427
13 5 0.06017255072429326
12 12 0.0616349507902241
11 14 0.06326501594610137
10 15 0.06510006577840573
9 13 0.06719062402332268
8 12 0.06960724279197368
7 25 0.07245227308557449
6 34 0.07588152533217324
5 41 0.08014758229147079
4 64 0.08569656809168158
3 99 0.09342111598879582
2 237 0.10550485104890601
1 354 0.12989170794964816
