100000
806 1 0.05070511041614233
636 1 0.04722678209461806
429 1 0.041965114064031445
286 1 0.03715874435614001
214 1 0.03406240844050182
212 1 0.033966592305870506
196 1 0.033176307037109685
152 1 0.030740030680731993
135 1 0.029665478018213905
121 1 0.028706935355979835
116 1 0.02834579337301761
105 2 0.027511103449296963
96 2 0.026781357702896826
95 1 0.026697359020075386
84 1 0.025729716798842547
83 2 0.02563743946656282
82 3 0.025544380575095563
79 1 0.02526034906393042
78 1 0.025163995627179664
76 2 0.024968663584488765
71 1 0.024464070795339722
64 3 0.023714021672235686
58 2 0.023023938593852253
53 1 0.02240959362479693
52 1 0.02228190012929911
48 1 0.021753221971851474
44 2 0.02119273575946217
43 1 0.021047075400571855
42 1 0.02089902412742715
41 3 0.020748484335557045
40 4 0.020595351936013386
39 1 0.020439515750074515
37 2 0.02011924769687885
36 1 0.019954551475790634
35 1 0.019786620923583707
32 1 0.019261770930517137
31 1 0.019079181013412973
30 3 0.018892420207958033
29 1 0.018701249296415305
27 2 0.01830460449101406
26 4 0.018098526775393517
25 1 0.017886823552365465
23 2 0.01744494365392786
22 1 0.017213850405967634
20 3 0.016728623963826905
19 3 0.01647317456058001
18 7 0.0162081322544248
17 4 0.015932572253072753
16 4 0.01564541959637742
15 4 0.015345413586882881
14 7 0.015031060780399126
13 5 0.014700571743830874
12 12 0.014351774238328377
11 14 0.013981991242764969
10 15 0.013587864902360754
9 13 0.013165094264115338
8 12 0.01270802955915637
7 25 0.012209015138655419
6 34 0.01165726301704591
5 41 0.011036775828307309
4 64 0.010322127462390637
3 99 0.009468639820550462
2 237 0.008384172766821301
1 354 0.006810064421315292
