100000
806 1 0.30423066249685393
636 1 0.2833606925677083
429 1 0.2517906843841886
286 1 0.22295246613684003
214 1 0.20437445064301088
212 1 0.20379955383522305
196 1 0.1990578422226581
152 1 0.18444018408439194
135 1 0.17799286810928341
121 1 0.172241612135879
116 1 0.17007476023810564
105 2 0.16506662069578176
96 2 0.16068814621738095
95 1 0.1601841541204523
84 1 0.15437830079305526
83 2 0.1538246367993769
82 3 0.1532662834505734
79 1 0.1515620943835825
78 1 0.15098397376307798
76 2 0.1498119815069326
71 1 0.14678442477203832
64 3 0.1422841300334141
58 2 0.1381436315631135
53 1 0.13445756174878157
52 1 0.13369140077579467
48 1 0.13051933183110884
44 2 0.127156414556773
43 1 0.12628245240343114
42 1 0.1253941447645629
41 3 0.12449090601334227
40 4 0.1235721116160803
39 1 0.12263709450044707
37 2 0.12071548618127309
36 1 0.1197273088547438
35 1 0.11871972554150223
32 1 0.11557062558310281
31 1 0.11447508608047784
30 3 0.11335452124774818
29 1 0.11220749577849183
27 2 0.10982762694608436
26 4 0.1085911606523611
25 1 0.10732094131419279
23 2 0.10466966192356715
22 1 0.10328310243580581
20 3 0.10037174378296143
19 3 0.09883904736348005
18 7 0.0972487935265488
17 4 0.09559543351843651
16 4 0.09387251757826452
15 4 0.09207248152129728
14 7 0.09018636468239476
13 5 0.08820343046298525
12 12 0.08611064542997025
11 14 0.0838919474565898
10 15 0.08152718941416452
9 13 0.07899056558469203
8 12 0.0762481773549382
7 25 0.07325409083193252
6 34 0.06994357810227546
5 41 0.06622065496984385
4 64 0.06193276477434381
3 99 0.05681183892330277
2 237 0.05030503660092781
1 354 0.04086038652789175
