100000
806 1 0.4056408833291386
636 1 0.37781425675694447
429 1 0.33572091251225156
286 1 0.29726995484912005
214 1 0.27249926752401454
212 1 0.27173273844696405
196 1 0.2654104562968775
152 1 0.24592024544585595
135 1 0.23732382414571124
121 1 0.22965548284783868
116 1 0.2267663469841409
105 2 0.2200888275943757
96 2 0.2142508616231746
95 1 0.2135788721606031
84 1 0.20583773439074038
83 2 0.20509951573250257
82 3 0.2043550446007645
79 1 0.20208279251144337
78 1 0.2013119650174373
76 2 0.19974930867591012
71 1 0.19571256636271778
64 3 0.18971217337788548
58 2 0.18419150875081802
53 1 0.17927674899837545
52 1 0.17825520103439288
48 1 0.1740257757748118
44 2 0.16954188607569737
43 1 0.16837660320457484
42 1 0.1671921930194172
41 3 0.16598787468445636
40 4 0.1647628154881071
39 1 0.16351612600059612
37 2 0.1609539815750308
36 1 0.15963641180632507
35 1 0.15829296738866966
32 1 0.1540941674441371
31 1 0.15263344810730378
30 3 0.15113936166366426
29 1 0.14960999437132244
27 2 0.1464368359281125
26 4 0.14478821420314814
25 1 0.14309458841892372
23 2 0.13955954923142289
22 1 0.13771080324774107
20 3 0.13382899171061524
19 3 0.13178539648464008
18 7 0.1296650580353984
17 4 0.12746057802458202
16 4 0.12516335677101936
15 4 0.12276330869506305
14 7 0.12024848624319301
13 5 0.117604573950647
12 12 0.11481419390662702
11 14 0.11185592994211975
10 15 0.10870291921888603
9 13 0.1053207541129227
8 12 0.10166423647325096
7 25 0.09767212110924335
6 34 0.09325810413636729
5 41 0.08829420662645847
4 64 0.08257701969912509
3 99 0.0757491185644037
2 237 0.06707338213457041
1 354 0.054480515370522335
