100000
806 1 0.45634599374528095
636 1 0.42504103885156247
429 1 0.377686026576283
286 1 0.3344286992052601
214 1 0.30656167596451633
212 1 0.30569933075283456
196 1 0.29858676333398715
152 1 0.27666027612658795
135 1 0.26698930216392514
121 1 0.2583624182038185
116 1 0.25511214035715846
105 2 0.24759993104367264
96 2 0.2410322193260714
95 1 0.24027623118067848
84 1 0.2315674511895829
83 2 0.23073695519906537
82 3 0.22989942517586007
79 1 0.22734314157537377
78 1 0.22647596064461695
76 2 0.22471797226039888
71 1 0.2201766371580575
64 3 0.21342619505012117
58 2 0.20721544734467026
53 1 0.20168634262317237
52 1 0.20053710116369197
48 1 0.19577899774666324
44 2 0.19073462183515955
43 1 0.1894236786051467
42 1 0.18809121714684435
41 3 0.1867363590200134
40 4 0.18535816742412045
39 1 0.1839556417506706
37 2 0.18107322927190964
36 1 0.1795909632821157
35 1 0.17807958831225335
32 1 0.17335593837465424
31 1 0.17171262912071675
30 3 0.17003178187162227
29 1 0.16831124366773775
27 2 0.16474144041912653
26 4 0.16288674097854164
25 1 0.16098141197128918
23 2 0.15700449288535073
22 1 0.1549246536537087
20 3 0.15055761567444215
19 3 0.14825857104522008
18 7 0.1458731902898232
17 4 0.14339315027765476
16 4 0.14080877636739678
15 4 0.13810872228194593
14 7 0.13527954702359213
13 5 0.13230514569447788
12 12 0.12916596814495537
11 14 0.1258379211848847
10 15 0.12229078412124678
9 13 0.11848584837703803
8 12 0.11437226603240731
7 25 0.10988113624789876
6 34 0.1049153671534132
5 41 0.09933098245476576
4 64 0.09289914716151572
3 99 0.08521775838495416
2 237 0.07545755490139171
1 354 0.06129057979183762
