100000
806 1 0.07
636 1 0.07
429 1 0.07
286 1 0.07
214 1 0.07
212 1 0.07
196 1 0.07
152 1 0.07
135 1 0.07
121 1 0.07
116 1 0.07
105 2 0.07
96 2 0.07
95 1 0.07
84 1 0.07
83 2 0.07
82 3 0.07
79 1 0.07
78 1 0.07
76 2 0.07
71 1 0.07
64 3 0.07
58 2 0.07
53 1 0.07
52 1 0.07
48 1 0.07
44 2 0.07
43 1 0.07
42 1 0.07
41 3 0.07
40 4 0.07
39 1 0.07
37 2 0.07
36 1 0.07
35 1 0.07
32 1 0.07
31 1 0.07
30 3 0.07
29 1 0.07
27 2 0.07
26 4 0.07
25 1 0.07
23 2 0.07
22 1 0.07
20 3 0.07
19 3 0.07
18 7 0.07
17 4 0.07
16 4 0.07
15 4 0.07
14 7 0.07
13 5 0.07
12 12 0.07
11 14 0.07
10 15 0.07
9 13 0.07
8 12 0.07
7 25 0.07
6 34 0.07
5 41 0.07
4 64 0.07
3 99 0.07
2 237 0.07
1 354 0.07
