100000
806 1 0.01
636 1 0.01
429 1 0.01
286 1 0.01
214 1 0.01
212 1 0.01
196 1 0.01
152 1 0.01
135 1 0.01
121 1 0.01
116 1 0.01
105 2 0.01
96 2 0.01
95 1 0.01
84 1 0.01
83 2 0.01
82 3 0.01
79 1 0.01
78 1 0.01
76 2 0.01
71 1 0.01
64 3 0.01
58 2 0.01
53 1 0.01
52 1 0.01
48 1 0.01
44 2 0.01
43 1 0.01
42 1 0.01
41 3 0.01
40 4 0.01
39 1 0.01
37 2 0.01
36 1 0.01
35 1 0.01
32 1 0.01
31 1 0.01
30 3 0.01
29 1 0.01
27 2 0.01
26 4 0.01
25 1 0.01
23 2 0.01
22 1 0.01
20 3 0.01
19 3 0.01
18 7 0.01
17 4 0.01
16 4 0.01
15 4 0.01
14 7 0.01
13 5 0.01
12 12 0.01
11 14 0.01
10 15 0.01
9 13 0.01
8 12 0.01
7 25 0.01
6 34 0.01
5 41 0.01
4 64 0.01
3 99 0.01
2 237 0.01
1 354 0.01
