100000
806 1 0.006978159729242331
636 1 0.007492112396390276
429 1 0.008431488093487127
286 1 0.00952207523972065
214 1 0.010387649487286153
212 1 0.010416951938730615
196 1 0.010665091783028532
152 1 0.011510345036659044
135 1 0.011927276525106657
121 1 0.012325535804678139
116 1 0.012482570338268247
105 2 0.012861292903965734
96 2 0.013211740924338505
95 1 0.013253309411865229
84 1 0.013751739373541306
83 2 0.013801236275338052
82 3 0.01385151456432944
79 1 0.014007263267709402
78 1 0.014060897355686225
76 2 0.014170896987555167
71 1 0.014463184092817157
64 3 0.014920639124951614
58 2 0.015367846736143914
53 1 0.015789146626076604
52 1 0.01587963133841764
48 1 0.01626556102955975
44 2 0.016695737803210813
43 1 0.016811283888073902
42 1 0.0169303771035107
41 3 0.017053214772239932
40 4 0.017180010357288427
39 1 0.017310995226069405
37 2 0.017586560139005617
36 1 0.017731711985708307
35 1 0.01788220236993481
32 1 0.01836946150221976
31 1 0.018545259323445966
30 3 0.018728588273918847
29 1 0.018920038654344485
27 2 0.01933001938099283
26 4 0.019550119408269732
25 1 0.019781508915590423
23 2 0.02028257394187932
22 1 0.020554864323094515
20 3 0.021151073772583448
19 3 0.021479063326349662
18 7 0.021830298150245873
17 4 0.022207861602791156
16 4 0.02261545990461237
15 4 0.023057596823272294
14 7 0.023539812974085708
13 5 0.024069020289717306
12 12 0.02465398031608964
11 14 0.02530600637844055
10 15 0.02604002631136229
9 13 0.02687624960932907
8 12 0.027842897116789472
7 25 0.028980909234229798
6 34 0.030352610132869298
5 41 0.03205903291658831
4 64 0.03427862723667263
3 99 0.037368446395518326
2 237 0.042201940419562406
1 354 0.05195668317985926
