100000
806 1 0.2028204416645693
636 1 0.18890712837847223
429 1 0.16786045625612578
286 1 0.14863497742456003
214 1 0.13624963376200727
212 1 0.13586636922348203
196 1 0.13270522814843874
152 1 0.12296012272292797
135 1 0.11866191207285562
121 1 0.11482774142391934
116 1 0.11338317349207044
105 2 0.11004441379718785
96 2 0.1071254308115873
95 1 0.10678943608030154
84 1 0.10291886719537019
83 2 0.10254975786625128
82 3 0.10217752230038225
79 1 0.10104139625572169
78 1 0.10065598250871866
76 2 0.09987465433795506
71 1 0.09785628318135889
64 3 0.09485608668894274
58 2 0.09209575437540901
53 1 0.08963837449918773
52 1 0.08912760051719644
48 1 0.0870128878874059
44 2 0.08477094303784868
43 1 0.08418830160228742
42 1 0.0835960965097086
41 3 0.08299393734222818
40 4 0.08238140774405354
39 1 0.08175806300029806
37 2 0.0804769907875154
36 1 0.07981820590316253
35 1 0.07914648369433483
32 1 0.07704708372206855
31 1 0.07631672405365189
30 3 0.07556968083183213
29 1 0.07480499718566122
27 2 0.07321841796405625
26 4 0.07239410710157407
25 1 0.07154729420946186
23 2 0.06977977461571144
22 1 0.06885540162387054
20 3 0.06691449585530762
19 3 0.06589269824232004
18 7 0.0648325290176992
17 4 0.06373028901229101
16 4 0.06258167838550968
15 4 0.061381654347531525
14 7 0.060124243121596505
13 5 0.0588022869753235
12 12 0.05740709695331351
11 14 0.055927964971059875
10 15 0.054351459609443015
9 13 0.05266037705646135
8 12 0.05083211823662548
7 25 0.048836060554621676
6 34 0.04662905206818364
5 41 0.044147103313229234
4 64 0.041288509849562546
3 99 0.03787455928220185
2 237 0.033536691067285206
1 354 0.027240257685261168
