100000
806 1 0.1
636 1 0.1
429 1 0.1
286 1 0.1
214 1 0.1
212 1 0.1
196 1 0.1
152 1 0.1
135 1 0.1
121 1 0.1
116 1 0.1
105 2 0.1
96 2 0.1
95 1 0.1
84 1 0.1
83 2 0.1
82 3 0.1
79 1 0.1
78 1 0.1
76 2 0.1
71 1 0.1
64 3 0.1
58 2 0.1
53 1 0.1
52 1 0.1
48 1 0.1
44 2 0.1
43 1 0.1
42 1 0.1
41 3 0.1
40 4 0.1
39 1 0.1
37 2 0.1
36 1 0.1
35 1 0.1
32 1 0.1
31 1 0.1
30 3 0.1
29 1 0.1
27 2 0.1
26 4 0.1
25 1 0.1
23 2 0.1
22 1 0.1
20 3 0.1
19 3 0.1
18 7 0.1
17 4 0.1
16 4 0.1
15 4 0.1
14 7 0.1
13 5 0.1
12 12 0.1
11 14 0.1
10 15 0.1
9 13 0.1
8 12 0.1
7 25 0.1
6 34 0.1
5 41 0.1
4 64 0.1
3 99 0.1
2 237 0.1
1 354 0.1
