100000
806 1 0.012211779526174079
636 1 0.013111196693682985
429 1 0.014755104163602472
286 1 0.01666363166951114
214 1 0.018178386602750767
212 1 0.018229665892778576
196 1 0.018663910620299935
152 1 0.02014310381415333
135 1 0.02087273391893665
121 1 0.021569687658186745
116 1 0.021844498091969432
105 2 0.022507262581940034
96 2 0.023120546617592386
95 1 0.02319329147076415
84 1 0.024065543903697285
83 2 0.02415216348184159
82 3 0.02424015048757652
79 1 0.024512710718491457
78 1 0.024606570372450894
76 2 0.024799069728221542
71 1 0.025310572162430024
64 3 0.026111118468665324
58 2 0.02689373178825185
53 1 0.027631006595634056
52 1 0.02778935484223087
48 1 0.028464731801729565
44 2 0.02921754115561892
43 1 0.029419746804129333
42 1 0.029628159931143726
41 3 0.02984312585141988
40 4 0.03006501812525475
39 1 0.03029424164562146
37 2 0.030776480243259834
36 1 0.031030495974989542
35 1 0.03129385414738592
32 1 0.03214655762888458
31 1 0.03245420381603044
30 3 0.03277502947935798
29 1 0.03311006764510285
27 2 0.03382753391673746
26 4 0.03421270896447204
25 1 0.03461764060228324
23 2 0.035494504398288815
22 1 0.035971012565415406
20 3 0.03701437910202104
19 3 0.03758836082111191
18 7 0.03820302176293028
17 4 0.038863757804884526
16 4 0.039577054833071654
15 4 0.04035079444072652
14 7 0.04119467270464999
13 5 0.042120785507005286
12 12 0.043144465553156874
11 14 0.04428551116227096
10 15 0.04557004604488401
9 13 0.04703343681632588
8 12 0.04872506995438158
7 25 0.05071659115990215
6 34 0.05311706773252127
5 41 0.05610330760402955
4 64 0.05998759766417711
3 99 0.06539478119215707
2 237 0.07385339573423422
1 354 0.09092419556475372
