100000
806 1 0.09
636 1 0.09
429 1 0.09
286 1 0.09
214 1 0.09
212 1 0.09
196 1 0.09
152 1 0.09
135 1 0.09
121 1 0.09
116 1 0.09
105 2 0.09
96 2 0.09
95 1 0.09
84 1 0.09
83 2 0.09
82 3 0.09
79 1 0.09
78 1 0.09
76 2 0.09
71 1 0.09
64 3 0.09
58 2 0.09
53 1 0.09
52 1 0.09
48 1 0.09
44 2 0.09
43 1 0.09
42 1 0.09
41 3 0.09
40 4 0.09
39 1 0.09
37 2 0.09
36 1 0.09
35 1 0.09
32 1 0.09
31 1 0.09
30 3 0.09
29 1 0.09
27 2 0.09
26 4 0.09
25 1 0.09
23 2 0.09
22 1 0.09
20 3 0.09
19 3 0.09
18 7 0.09
17 4 0.09
16 4 0.09
15 4 0.09
14 7 0.09
13 5 0.09
12 12 0.09
11 14 0.09
10 15 0.09
9 13 0.09
8 12 0.09
7 25 0.09
6 34 0.09
5 41 0.09
4 64 0.09
3 99 0.09
2 237 0.09
1 354 0.09
