100000
806 1 0.08
636 1 0.08
429 1 0.08
286 1 0.08
214 1 0.08
212 1 0.08
196 1 0.08
152 1 0.08
135 1 0.08
121 1 0.08
116 1 0.08
105 2 0.08
96 2 0.08
95 1 0.08
84 1 0.08
83 2 0.08
82 3 0.08
79 1 0.08
78 1 0.08
76 2 0.08
71 1 0.08
64 3 0.08
58 2 0.08
53 1 0.08
52 1 0.08
48 1 0.08
44 2 0.08
43 1 0.08
42 1 0.08
41 3 0.08
40 4 0.08
39 1 0.08
37 2 0.08
36 1 0.08
35 1 0.08
32 1 0.08
31 1 0.08
30 3 0.08
29 1 0.08
27 2 0.08
26 4 0.08
25 1 0.08
23 2 0.08
22 1 0.08
20 3 0.08
19 3 0.08
18 7 0.08
17 4 0.08
16 4 0.08
15 4 0.08
14 7 0.08
13 5 0.08
12 12 0.08
11 14 0.08
10 15 0.08
9 13 0.08
8 12 0.08
7 25 0.08
6 34 0.08
5 41 0.08
4 64 0.08
3 99 0.08
2 237 0.08
1 354 0.08
