100000
806 1 0.013956319458484662
636 1 0.014984224792780552
429 1 0.016862976186974254
286 1 0.0190441504794413
214 1 0.020775298974572306
212 1 0.02083390387746123
196 1 0.021330183566057065
152 1 0.023020690073318088
135 1 0.023854553050213313
121 1 0.024651071609356277
116 1 0.024965140676536494
105 2 0.025722585807931467
96 2 0.02642348184867701
95 1 0.026506618823730458
84 1 0.027503478747082612
83 2 0.027602472550676105
82 3 0.02770302912865888
79 1 0.028014526535418804
78 1 0.02812179471137245
76 2 0.028341793975110333
71 1 0.028926368185634314
64 3 0.02984127824990323
58 2 0.03073569347228783
53 1 0.03157829325215321
52 1 0.03175926267683528
48 1 0.0325311220591195
44 2 0.033391475606421625
43 1 0.033622567776147805
42 1 0.0338607542070214
41 3 0.034106429544479865
40 4 0.034360020714576854
39 1 0.03462199045213881
37 2 0.035173120278011234
36 1 0.035463423971416615
35 1 0.03576440473986962
32 1 0.03673892300443952
31 1 0.03709051864689193
30 3 0.037457176547837694
29 1 0.03784007730868897
27 2 0.03866003876198566
26 4 0.039100238816539463
25 1 0.039563017831180845
23 2 0.04056514788375864
22 1 0.04110972864618903
20 3 0.042302147545166896
19 3 0.042958126652699324
18 7 0.043660596300491746
17 4 0.04441572320558231
16 4 0.04523091980922474
15 4 0.04611519364654459
14 7 0.047079625948171416
13 5 0.04813804057943461
12 12 0.04930796063217928
11 14 0.0506120127568811
10 15 0.05208005262272458
9 13 0.05375249921865814
8 12 0.055685794233578945
7 25 0.057961818468459596
6 34 0.060705220265738595
5 41 0.06411806583317663
4 64 0.06855725447334526
3 99 0.07473689279103665
2 237 0.08440388083912481
1 354 0.10391336635971853
