100000
806 1 0.0017445399323105827
636 1 0.001873028099097569
429 1 0.0021078720233717817
286 1 0.0023805188099301623
214 1 0.0025969123718215382
212 1 0.0026042379846826537
196 1 0.002666272945757133
152 1 0.002877586259164761
135 1 0.002981819131276664
121 1 0.0030813839511695347
116 1 0.0031206425845670617
105 2 0.0032153232259914334
96 2 0.003302935231084626
95 1 0.0033133273529663072
84 1 0.0034379348433853265
83 2 0.003450309068834513
82 3 0.00346287864108236
79 1 0.0035018158169273506
78 1 0.003515224338921556
76 2 0.0035427242468887917
71 1 0.0036157960232042893
64 3 0.0037301597812379036
58 2 0.0038419616840359785
53 1 0.003947286656519151
52 1 0.00396990783460441
48 1 0.004066390257389937
44 2 0.004173934450802703
43 1 0.004202820972018476
42 1 0.004232594275877675
41 3 0.004263303693059983
40 4 0.004295002589322107
39 1 0.004327748806517351
37 2 0.004396640034751404
36 1 0.004432927996427077
35 1 0.004470550592483702
32 1 0.00459236537555494
31 1 0.0046363148308614915
30 3 0.004682147068479712
29 1 0.004730009663586121
27 2 0.004832504845248208
26 4 0.004887529852067433
25 1 0.004945377228897606
23 2 0.00507064348546983
22 1 0.005138716080773629
20 3 0.005287768443145862
19 3 0.0053697658315874155
18 7 0.005457574537561468
17 4 0.005551965400697789
16 4 0.005653864976153092
15 4 0.005764399205818073
14 7 0.005884953243521427
13 5 0.006017255072429326
12 12 0.00616349507902241
11 14 0.006326501594610137
10 15 0.006510006577840573
9 13 0.006719062402332268
8 12 0.006960724279197368
7 25 0.0072452273085574495
6 34 0.007588152533217324
5 41 0.008014758229147078
4 64 0.008569656809168158
3 99 0.009342111598879582
2 237 0.010550485104890601
1 354 0.012989170794964816
