100000
806 1 0.010467239593863495
636 1 0.011238168594585414
429 1 0.01264723214023069
286 1 0.014283112859580975
214 1 0.015581474230929229
212 1 0.015625427908095922
196 1 0.0159976376745428
152 1 0.017265517554988567
135 1 0.017890914787659983
121 1 0.018488303707017206
116 1 0.018723855507402368
105 2 0.019291939355948598
96 2 0.019817611386507755
95 1 0.01987996411779784
84 1 0.02062760906031196
83 2 0.020701854413007075
82 3 0.02077727184649416
79 1 0.021010894901564103
78 1 0.021091346033529336
76 2 0.021256345481332747
71 1 0.021694776139225734
64 3 0.02238095868742742
58 2 0.023051770104215868
53 1 0.023683719939114903
52 1 0.02381944700762646
48 1 0.024398341544339622
44 2 0.025043606704816215
43 1 0.025216925832110854
42 1 0.025395565655266048
41 3 0.025579822158359897
40 4 0.02577001553593264
39 1 0.025966492839104103
37 2 0.026379840208508427
36 1 0.02659756797856246
35 1 0.02682330355490221
32 1 0.027554192253329637
31 1 0.027817888985168945
30 3 0.028092882410878265
29 1 0.028380057981516726
27 2 0.028995029071489247
26 4 0.0293251791124046
25 1 0.029672263373385632
23 2 0.03042386091281898
22 1 0.03083229648464177
20 3 0.031726610658875165
19 3 0.03221859498952449
18 7 0.03274544722536881
17 4 0.03331179240418673
16 4 0.03392318985691855
15 4 0.03458639523490844
14 7 0.03530971946112856
13 5 0.03610353043457595
12 12 0.036980970474134456
11 14 0.037959009567660816
10 15 0.039060039467043436
9 13 0.0403143744139936
8 12 0.04176434567518421
7 25 0.043471363851344695
6 34 0.045528915199303945
5 41 0.04808854937488247
4 64 0.05141794085500895
3 99 0.05605266959327748
2 237 0.06330291062934361
1 354 0.07793502476978889
