100000
806 1 0.15211533124842697
636 1 0.14168034628385415
429 1 0.1258953421920943
286 1 0.11147623306842001
214 1 0.10218722532150544
212 1 0.10189977691761153
196 1 0.09952892111132905
152 1 0.09222009204219597
135 1 0.08899643405464171
121 1 0.0861208060679395
116 1 0.08503738011905282
105 2 0.08253331034789088
96 2 0.08034407310869048
95 1 0.08009207706022616
84 1 0.07718915039652763
83 2 0.07691231839968846
82 3 0.0766331417252867
79 1 0.07578104719179125
78 1 0.07549198688153899
76 2 0.0749059907534663
71 1 0.07339221238601916
64 3 0.07114206501670706
58 2 0.06907181578155674
53 1 0.06722878087439078
52 1 0.06684570038789733
48 1 0.06525966591555442
44 2 0.0635782072783865
43 1 0.06314122620171557
42 1 0.06269707238228145
41 3 0.062245453006671135
40 4 0.06178605580804015
39 1 0.06131854725022354
37 2 0.060357743090636545
36 1 0.0598636544273719
35 1 0.059359862770751115
32 1 0.057785312791551406
31 1 0.05723754304023892
30 3 0.05667726062387409
29 1 0.056103747889245915
27 2 0.05491381347304218
26 4 0.05429558032618055
25 1 0.05366047065709639
23 2 0.052334830961783575
22 1 0.051641551217902905
20 3 0.050185871891480716
19 3 0.049419523681740025
18 7 0.0486243967632744
17 4 0.047797716759218255
16 4 0.04693625878913226
15 4 0.04603624076064864
14 7 0.04509318234119738
13 5 0.04410171523149262
12 12 0.04305532271498513
11 14 0.0419459737282949
10 15 0.04076359470708226
9 13 0.039495282792346015
8 12 0.0381240886774691
7 25 0.03662704541596626
6 34 0.03497178905113773
5 41 0.033110327484921924
4 64 0.030966382387171906
3 99 0.028405919461651385
2 237 0.025152518300463906
1 354 0.020430193263945875
