100000
806 1 0.01570085939079524
636 1 0.01685725289187812
429 1 0.018970848210346034
286 1 0.02142466928937146
214 1 0.02337221134639384
212 1 0.02343814186214388
196 1 0.023996456511814198
152 1 0.025898276332482848
135 1 0.026836372181489977
121 1 0.02773245556052581
116 1 0.02808578326110355
105 2 0.028937909033922897
96 2 0.029726417079761633
95 1 0.02981994617669676
84 1 0.030941413590467936
83 2 0.031052781619510614
82 3 0.031165907769741236
79 1 0.031516342352346155
78 1 0.031637019050294
76 2 0.03188451822199912
71 1 0.0325421642088386
64 3 0.033571438031141126
58 2 0.0345776551563238
53 1 0.035525579908672354
52 1 0.03572917051143969
48 1 0.036597512316509435
44 2 0.03756541005722432
43 1 0.03782538874816628
42 1 0.038093348482899074
41 3 0.038369733237539845
40 4 0.03865502330389896
39 1 0.038949739258656156
37 2 0.03956976031276264
36 1 0.03989635196784369
35 1 0.040234955332353314
32 1 0.04133128837999446
31 1 0.04172683347775342
30 3 0.0421393236163174
29 1 0.04257008697227509
27 2 0.04349254360723387
26 4 0.043987768668606896
25 1 0.04450839506007845
23 2 0.04563579136922847
22 1 0.046248444726962656
20 3 0.047589915988312755
19 3 0.04832789248428673
18 7 0.04911817083805321
17 4 0.0499676886062801
16 4 0.05088478478537783
15 4 0.05187959285236266
14 7 0.05296457919169284
13 5 0.05415529565186393
12 12 0.055471455711201684
11 14 0.05693851435149123
10 15 0.05859005920056515
9 13 0.060471561620990405
8 12 0.0626465185127763
7 25 0.06520704577701704
6 34 0.0682933727989559
5 41 0.0721328240623237
4 64 0.07712691128251342
3 99 0.08407900438991622
2 237 0.0949543659440154
1 354 0.11690253715468334
