100000
806 1 0.02
636 1 0.02
429 1 0.02
286 1 0.02
214 1 0.02
212 1 0.02
196 1 0.02
152 1 0.02
135 1 0.02
121 1 0.02
116 1 0.02
105 2 0.02
96 2 0.02
95 1 0.02
84 1 0.02
83 2 0.02
82 3 0.02
79 1 0.02
78 1 0.02
76 2 0.02
71 1 0.02
64 3 0.02
58 2 0.02
53 1 0.02
52 1 0.02
48 1 0.02
44 2 0.02
43 1 0.02
42 1 0.02
41 3 0.02
40 4 0.02
39 1 0.02
37 2 0.02
36 1 0.02
35 1 0.02
32 1 0.02
31 1 0.02
30 3 0.02
29 1 0.02
27 2 0.02
26 4 0.02
25 1 0.02
23 2 0.02
22 1 0.02
20 3 0.02
19 3 0.02
18 7 0.02
17 4 0.02
16 4 0.02
15 4 0.02
14 7 0.02
13 5 0.02
12 12 0.02
11 14 0.02
10 15 0.02
9 13 0.02
8 12 0.02
7 25 0.02
6 34 0.02
5 41 0.02
4 64 0.02
3 99 0.02
2 237 0.02
1 354 0.02
