100000
806 1 0.06
636 1 0.06
429 1 0.06
286 1 0.06
214 1 0.06
212 1 0.06
196 1 0.06
152 1 0.06
135 1 0.06
121 1 0.06
116 1 0.06
105 2 0.06
96 2 0.06
95 1 0.06
84 1 0.06
83 2 0.06
82 3 0.06
79 1 0.06
78 1 0.06
76 2 0.06
71 1 0.06
64 3 0.06
58 2 0.06
53 1 0.06
52 1 0.06
48 1 0.06
44 2 0.06
43 1 0.06
42 1 0.06
41 3 0.06
40 4 0.06
39 1 0.06
37 2 0.06
36 1 0.06
35 1 0.06
32 1 0.06
31 1 0.06
30 3 0.06
29 1 0.06
27 2 0.06
26 4 0.06
25 1 0.06
23 2 0.06
22 1 0.06
20 3 0.06
19 3 0.06
18 7 0.06
17 4 0.06
16 4 0.06
15 4 0.06
14 7 0.06
13 5 0.06
12 12 0.06
11 14 0.06
10 15 0.06
9 13 0.06
8 12 0.06
7 25 0.06
6 34 0.06
5 41 0.06
4 64 0.06
3 99 0.06
2 237 0.06
1 354 0.06
