100000
806 1 0.03
636 1 0.03
429 1 0.03
286 1 0.03
214 1 0.03
212 1 0.03
196 1 0.03
152 1 0.03
135 1 0.03
121 1 0.03
116 1 0.03
105 2 0.03
96 2 0.03
95 1 0.03
84 1 0.03
83 2 0.03
82 3 0.03
79 1 0.03
78 1 0.03
76 2 0.03
71 1 0.03
64 3 0.03
58 2 0.03
53 1 0.03
52 1 0.03
48 1 0.03
44 2 0.03
43 1 0.03
42 1 0.03
41 3 0.03
40 4 0.03
39 1 0.03
37 2 0.03
36 1 0.03
35 1 0.03
32 1 0.03
31 1 0.03
30 3 0.03
29 1 0.03
27 2 0.03
26 4 0.03
25 1 0.03
23 2 0.03
22 1 0.03
20 3 0.03
19 3 0.03
18 7 0.03
17 4 0.03
16 4 0.03
15 4 0.03
14 7 0.03
13 5 0.03
12 12 0.03
11 14 0.03
10 15 0.03
9 13 0.03
8 12 0.03
7 25 0.03
6 34 0.03
5 41 0.03
4 64 0.03
3 99 0.03
2 237 0.03
1 354 0.03
