100000
806 1 0.008722699661552914
636 1 0.009365140495487844
429 1 0.010539360116858909
286 1 0.011902594049650814
214 1 0.012984561859107692
212 1 0.013021189923413268
196 1 0.013331364728785667
152 1 0.014387931295823806
135 1 0.01490909565638332
121 1 0.015406919755847674
116 1 0.015603212922835308
105 2 0.01607661612995717
96 2 0.01651467615542313
95 1 0.016566636764831538
84 1 0.01718967421692663
83 2 0.017251545344172566
82 3 0.0173143932054118
79 1 0.017509079084636753
78 1 0.01757612169460778
76 2 0.01771362123444396
71 1 0.018078980116021447
64 3 0.01865079890618952
58 2 0.019209808420179893
53 1 0.019736433282595753
52 1 0.01984953917302205
48 1 0.020331951286949687
44 2 0.020869672254013514
43 1 0.021014104860092378
42 1 0.021162971379388374
41 3 0.021316518465299916
40 4 0.021475012946610535
39 1 0.021638744032586754
37 2 0.021983200173757024
36 1 0.022164639982135387
35 1 0.02235275296241851
32 1 0.0229618268777747
31 1 0.023181574154307456
30 3 0.023410735342398556
29 1 0.023650048317930605
27 2 0.02416252422624104
26 4 0.024437649260337167
25 1 0.02472688614448803
23 2 0.025353217427349153
22 1 0.025693580403868144
20 3 0.02643884221572931
19 3 0.026848829157937078
18 7 0.027287872687807344
17 4 0.027759827003488946
16 4 0.028269324880765462
15 4 0.02882199602909037
14 7 0.029424766217607135
13 5 0.03008627536214663
12 12 0.03081747539511205
11 14 0.031632507973050686
10 15 0.032550032889202864
9 13 0.03359531201166134
8 12 0.03480362139598684
7 25 0.036226136542787245
6 34 0.03794076266608662
5 41 0.040073791145735393
4 64 0.04284828404584079
3 99 0.04671055799439791
2 237 0.05275242552445301
1 354 0.06494585397482408
