100000
806 1 0.0034890798646211654
636 1 0.003746056198195138
429 1 0.0042157440467435634
286 1 0.004761037619860325
214 1 0.0051938247436430765
212 1 0.005208475969365307
196 1 0.005332545891514266
152 1 0.005755172518329522
135 1 0.005963638262553328
121 1 0.006162767902339069
116 1 0.0062412851691341234
105 2 0.006430646451982867
96 2 0.006605870462169252
95 1 0.0066266547059326145
84 1 0.006875869686770653
83 2 0.006900618137669026
82 3 0.00692575728216472
79 1 0.007003631633854701
78 1 0.007030448677843112
76 2 0.007085448493777583
71 1 0.007231592046408579
64 3 0.007460319562475807
58 2 0.007683923368071957
53 1 0.007894573313038302
52 1 0.00793981566920882
48 1 0.008132780514779874
44 2 0.008347868901605406
43 1 0.008405641944036951
42 1 0.00846518855175535
41 3 0.008526607386119966
40 4 0.008590005178644214
39 1 0.008655497613034703
37 2 0.008793280069502809
36 1 0.008865855992854154
35 1 0.008941101184967404
32 1 0.00918473075110988
31 1 0.009272629661722983
30 3 0.009364294136959423
29 1 0.009460019327172242
27 2 0.009665009690496416
26 4 0.009775059704134866
25 1 0.009890754457795211
23 2 0.01014128697093966
22 1 0.010277432161547258
20 3 0.010575536886291724
19 3 0.010739531663174831
18 7 0.010915149075122936
17 4 0.011103930801395578
16 4 0.011307729952306184
15 4 0.011528798411636147
14 7 0.011769906487042854
13 5 0.012034510144858653
12 12 0.01232699015804482
11 14 0.012653003189220274
10 15 0.013020013155681145
9 13 0.013438124804664536
8 12 0.013921448558394736
7 25 0.014490454617114899
6 34 0.015176305066434649
5 41 0.016029516458294157
4 64 0.017139313618336316
3 99 0.018684223197759163
2 237 0.021100970209781203
1 354 0.02597834158992963
