100000
1 144 0.0189829258096324 
2 118 0.0098772685927944 
3 88 0.0009561267676236 
4 75 0.0007136258464896 
5 75 0.0005916096167989 
6 69 0.0007168216239153 
7 55 0.0008288766816459 
8 42 0.0008530529774871 
9 35 0.0000506552858424 
10 31 0.0000562787477177 
11 19 0.0000619607180108 
12 31 0.0000676874210269 
13 23 0.0000733584790122 
14 16 0.0000789919921229 
15 20 0.0000846150657010 
16 21 0.0000907307163075 
17 18 0.0000960603586137 
18 28 0.0001018057488463 
19 17 0.0001075036585174 
20 18 0.0001132021263756 
21 22 0.0001188960110385 
22 18 0.0001245551328677 
23 18 0.0001303812627879 
24 16 0.0001361733120726 
25 9 0.0001418267910571 
26 19 0.0001475212005961 
27 19 0.0001535331174984 
28 22 0.0001592385567960 
29 15 0.0001648985919150 
30 15 0.0001707386744350 
31 12 0.0001764133953948 
32 10 0.0001821065395175 
33 10 0.0001881976325367 
34 14 0.0001943383574598 
35 13 0.0001997373548860 
36 13 0.0002055993837890 
37 17 0.0003291929431228 
38 17 0.0002169289108435 
39 9 0.0002243613861183 
40 12 0.0002298846909827 
41 17 0.0003650797471298 
42 21 0.0002406482229806 
43 9 0.0002470043465723 
44 7 0.0002523795439215 
45 9 0.0004015742727074 
46 9 0.0004110672592748 
47 11 0.0002699081223268 
48 8 0.0002764622206008 
49 8 0.0002817839516378 
50 8 0.0002881061559799 
51 7 0.0004574937189190 
52 11 0.0002997593155616 
53 8 0.0003058812452097 
54 12 0.0003119962611545 
55 7 0.0004927731389534 
56 10 0.0005015353696898 
57 8 0.0005110626278958 
58 9 0.0003360804967565 
59 5 0.0003427458827971 
60 9 0.0003481940997301 
61 3 0.0003537836939639 
62 10 0.0003601750929405 
63 10 0.0003667857231395 
64 5 0.0003732842369992 
65 12 0.0003789300392135 
66 12 0.0003845017608251 
67 5 0.0003903714273154 
68 11 0.0003963333467803 
69 5 0.0004030488545916 
70 9 0.0004088714139624 
71 9 0.0004159519111877 
72 7 0.0004235285730161 
73 4 0.0004270222120406 
74 7 0.0004365078180176 
75 9 0.0004442789166280 
76 3 0.0004465078656325 
77 9 0.0004526169284914 
78 6 0.0004585448707513 
79 3 0.0007137881653696 
80 2 0.0007221091743769 
81 1 0.0004771502483692 
82 3 0.0004849558656113 
83 8 0.0007499031690423 
84 6 0.0007590388268077 
85 1 0.0007684093726382 
86 3 0.0005092219806127 
87 5 0.0005165175666751 
88 9 0.0007964772948881 
89 5 0.0008053373022279 
90 5 0.0008153163745793 
91 4 0.0008244449582627 
92 2 0.0008342148441658 
93 4 0.0008446454562990 
94 3 0.0013281293979507 
95 1 0.0008610944727344 
96 3 0.0008744839226089 
97 5 0.0008804668917865 
98 6 0.0008897580429447 
99 5 0.0009005445171066 
100 3 0.0014143514056866 
101 2 0.0009196089913755 
102 5 0.0009290170198964 
103 1 0.0009378452463139 
104 9 0.0009473813082984 
105 3 0.0014844450272923 
106 4 0.0014979722864332 
107 6 0.0009763715163350 
108 2 0.0009854858552527 
109 4 0.0015424753215350 
110 4 0.0010074079570505 
111 4 0.0010144694108119 
112 7 0.0010242582047924 
113 4 0.0010347590864890 
114 2 0.0016160103802964 
115 4 0.0016257018835948 
116 6 0.0016423101522475 
117 2 0.0016547148728921 
118 2 0.0010819970296809 
119 3 0.0010925304083807 
120 1 0.0016981323242780 
121 1 0.0017138975013437 
122 6 0.0017241979044138 
123 5 0.0017431378210941 
124 3 0.0017544940772101 
125 2 0.0017719293319981 
126 3 0.0017838823745660 
127 3 0.0018010508486429 
128 7 0.0018154147153253 
129 6 0.0018246532966277 
130 2 0.0018414549159317 
131 3 0.0018547504903037 
132 2 0.0018725672453088 
133 3 0.0018859651391044 
134 1 0.0018993062246265 
135 5 0.0019121097139635 
136 2 0.0019282943592291 
137 1 0.0019429585830483 
138 2 0.0019617915994928 
139 1 0.0019721184754378 
140 5 0.0019850180218084 
141 4 0.0020025248833351 
142 2 0.0020129819561702 
143 4 0.0020304445625127 
145 2 0.0020566600221614 
146 2 0.0020719069289261 
147 1 0.0020875738684010 
148 3 0.0021016859331214 
149 1 0.0021169028217927 
150 4 0.0021343962572603 
152 2 0.0021606293781753 
153 1 0.0021767152957833 
154 2 0.0021918451941923 
155 1 0.0022083414128499 
157 1 0.0022399338689042 
158 1 0.0022503299095433 
159 2 0.0022635906000705 
160 3 0.0022847496918418 
161 3 0.0022971945036989 
162 3 0.0023101740688303 
163 2 0.0023221377631496 
164 1 0.0023372879278539 
165 1 0.0023557464416458 
166 4 0.0023710129534224 
167 1 0.0023832174389848 
168 5 0.0023982722740844 
169 2 0.0024131209188436 
170 3 0.0024284514830914 
171 16 0.0024449636831044 
173 5 0.0024732008135836 
174 2 0.0024880770959578 
176 2 0.0025205186890441 
177 2 0.0025305931917658 
178 3 0.0025534173654032 
179 2 0.0025638094402687 
183 2 0.0026208665374355 
184 1 0.0026406162299995 
185 2 0.0026610271326958 
186 3 0.0026663547294634 
187 1 0.0026885418476745 
188 1 0.0027030090112180 
191 1 0.0027447412376817 
192 1 0.0027621582169620 
193 4 0.0027756576546996 
194 1 0.0027889938306197 
195 2 0.0028065533365042 
197 2 0.0028346995972818 
198 1 0.0028501270257046 
199 1 0.0028712519616278 
200 1 0.0028811328188319 
201 1 0.0028949506790950 
202 2 0.0029200005582010 
204 3 0.0029461794856675 
205 1 0.0029605001170299 
206 4 0.0029886261115042 
207 2 0.0029919354661657 
209 1 0.0030244976036311 
212 1 0.0030692568733345 
213 1 0.0030835051060905 
217 4 0.0031527444039319 
218 1 0.0031598572194444 
219 1 0.0031722185631857 
220 1 0.0032009675674015 
221 1 0.0032066880288065 
222 2 0.5436732475440458 
223 1 0.6010395402397726 
224 2 0.6114382057071793 
226 1 0.6288077524514984 
228 2 0.6719833260696031 
232 1 0.7054512297427639 
233 1 0.7162511314044285 
234 4 0.7318525334680033 
236 2 0.7496355386859225 
237 1 0.7513382704762684 
239 1 0.7566856767791760 
240 1 0.7577653968742450 
243 2 0.7691216555116256 
245 1 0.7760263527468056 
246 1 0.7795102071045793 
255 6 0.8118731050740698 
257 1 0.8186459123695672 
258 1 0.8220976157144718 
260 5 0.8290382058662410 
262 6 0.8359328932212583 
263 2 0.8393965692523047 
264 2 0.8429350288318856 
265 2 0.8464823754085624 
267 1 0.8537507470247815 
268 1 0.8573978020520654 
269 1 0.8610074160973666 
270 4 0.8646182327397278 
271 3 0.8682402468494610 
275 1 0.8835315351189618 
276 1 0.8873674996047388 
279 1 0.8989780980784853 
282 2 0.9106274946498015 
285 1 0.9223116968935097 
286 1 0.9262113559329952 
288 1 0.9341523046707202 
293 1 0.9545339194877501 
295 2 0.9624502802190190 
301 1 0.0002261908569583 
309 3 0.9991578291530959 
312 16 0.9995954987608067 
313 1 0.9996878426911746 
315 1 0.0002368715626636 
317 3 0.9997139746832174 
320 1 0.9997422096808961 
321 2 0.9997537545092372 
326 1 0.0002205797982484 
333 2 0.9997582375892516 
337 1 0.9997625130195605 
339 1 0.9997753100678923 
341 1 0.9997831039886758 
347 1 0.9997698161519752 
348 1 0.9997924610412967 
349 1 0.9998027749737294 
352 2 0.9998104626122329 
359 1 0.9998167870255815 
369 1 0.9997957680113245 
370 2 0.9998236982358005 
373 1 0.9998290397602558 
399 1 0.0003011785736657 
405 1 0.0003062666555295 
406 2 0.0002758490331497 
410 1 0.0003099324802888 
411 1 0.0003097941152181 
412 1 0.0003112598667460 
419 17 0.0002836746906019 
472 2 0.0000382595579965 
