100000
1 159 0.0599474842262960 
2 120 0.0291448379179558 
3 72 0.0166136210365956 
4 62 0.0010596597268216 
5 54 0.0000267090829193 
6 40 0.0000003371006996 
7 22 0.0000004267536052 
8 29 0.0000004894192986 
9 22 0.0000380293941250 
10 21 0.0000422827168884 
11 20 0.0000466172689053 
12 20 0.0000508373012924 
13 19 0.0000551469026002 
14 16 0.0000593664147672 
15 12 0.0000636409479672 
16 12 0.0000678932918007 
17 18 0.0000721425923309 
18 15 0.0000764428228034 
19 14 0.0000807142451033 
20 10 0.0000848761562163 
21 15 0.0000892691047122 
22 14 0.0000935694006971 
23 13 0.0000978902959982 
24 5 0.0001021804550285 
25 8 0.0001064607272796 
26 14 0.0001106799065345 
27 7 0.0001150331665375 
28 11 0.0001193003929327 
29 17 0.0001236388983006 
30 11 0.0001283378515717 
31 13 0.0001322573695946 
32 9 0.0001367946775109 
33 14 0.0001408950692804 
34 15 0.0001450838115851 
35 12 0.0001495617928043 
36 13 0.0001538486411929 
37 15 0.0001582036342958 
38 14 0.0001622208626596 
39 14 0.0001665332008005 
40 13 0.0001712734688963 
41 11 0.0010221887471463 
42 10 0.0001795845242211 
43 8 0.0010746087580715 
44 14 0.0010983391571319 
45 5 0.0001926659919246 
46 9 0.0001971100856423 
47 7 0.0002013006179803 
48 9 0.0011991558677861 
49 7 0.0012247049767350 
50 6 0.0012503210512805 
51 9 0.0012732076638967 
52 7 0.0013012621860631 
53 7 0.0013257285008723 
54 7 0.0013509742681248 
55 7 0.0013774428733787 
56 6 0.0014011276345657 
57 8 0.0014274426151449 
58 8 0.0002494852105494 
59 10 0.0014769701116046 
60 6 0.0015032565672541 
61 5 0.0015275386966157 
62 4 0.0015538425919003 
63 5 0.0002719190962745 
64 6 0.0016028862566063 
65 3 0.0016305294616843 
66 7 0.0016548415198880 
67 4 0.0016840633496286 
68 9 0.0017068087615292 
69 7 0.0017329830701007 
70 7 0.0017609638769083 
71 5 0.0017888446604428 
72 5 0.0018135125611406 
73 4 0.0018445424286930 
74 9 0.0018679891087171 
75 5 0.0019048973629322 
76 9 0.0019277937805133 
77 3 0.0003337170388810 
78 3 0.0019807368357779 
79 6 0.0020107698857412 
80 8 0.0020366213902056 
81 5 0.0020669135808313 
82 5 0.0020974393133633 
83 6 0.0021333673610386 
84 11 0.0021600314837901 
85 5 0.0021895012587205 
86 3 0.0022212311004674 
87 4 0.0022456706246395 
88 4 0.0022777675117132 
89 6 0.0023089289580758 
90 1 0.0023627172492301 
91 4 0.0023697177733445 
92 7 0.0024061867213205 
93 3 0.0024346980689398 
94 8 0.1744196938734152 
95 4 0.1764241035121576 
96 4 0.1785598141539106 
97 2 0.1805165955078600 
98 3 0.1825060193775317 
99 2 0.1846065566692756 
100 3 0.1865994001529704 
101 5 0.1888009773811151 
102 3 0.1906962915951467 
104 5 0.1948386041378157 
105 4 0.1969693391949786 
106 3 0.1990358398945174 
107 4 0.2010440535695528 
108 5 0.2032096513206354 
109 5 0.2054811885267101 
110 8 0.2073964927252339 
111 4 0.2096552420148954 
113 4 0.2137002113222402 
114 6 0.2158233357339766 
115 3 0.2180239728922720 
116 3 0.2202310659680917 
117 3 0.2223353214768208 
118 1 0.2245227754412625 
119 2 0.2266915395939727 
120 1 0.2287331869968117 
121 1 0.2310297995997636 
122 3 0.2331624460359458 
123 5 0.2350966758373590 
124 5 0.2376035073837300 
125 3 0.2396217787045702 
127 2 0.2568942403422834 
128 2 0.2611338349371885 
129 3 0.2652114747949088 
130 2 0.2705318528056859 
131 1 0.2752721325233731 
132 3 0.2819941825270631 
133 1 0.3008278058018212 
134 2 0.3036434932965507 
135 2 0.3061296667393036 
136 2 0.3087694209807941 
137 4 0.3113889117496673 
138 6 0.3140394154256314 
139 5 0.3170516593178268 
140 1 0.3193322542575504 
141 3 0.3221188781497938 
142 1 0.3246778087951999 
143 4 0.3274784331081714 
144 1 0.3302043083896783 
146 1 0.3355051032882055 
147 1 0.3381592311850196 
148 5 0.3411139930935632 
149 2 0.3436976087875925 
150 4 0.3463517669781564 
151 2 0.3490860920258381 
152 1 0.3520899156406603 
153 2 0.3546203434381695 
154 3 0.3573905698701259 
156 2 0.3629181324702318 
157 3 0.3659231238930024 
158 3 0.3687641184036164 
159 2 0.3714189143900068 
160 1 0.3742554564046653 
162 3 0.3798957094297848 
163 2 0.3827817163940907 
164 2 0.3854714936602788 
165 3 0.3885137925792044 
166 2 0.3914889643412752 
167 1 0.3942032859121553 
168 1 0.3972103894289071 
169 2 0.3999018997973425 
171 4 0.4056603073742170 
172 4 0.4087368373091005 
173 3 0.4114829759779335 
174 1 0.4145424592793490 
175 1 0.4174973505727697 
176 4 0.4204419418085983 
177 3 0.4230376280000069 
178 1 0.0000129795581096 
179 2 0.0000129821164813 
180 2 0.0000131661671989 
183 2 0.4405766086929281 
184 2 0.0008346421917458 
185 2 0.0000138634136514 
186 3 0.0000139834088393 
188 1 0.0000145605336042 
190 2 0.0000145418587137 
191 3 0.0000147220968162 
192 2 0.0000149927177401 
193 1 0.0000150495114984 
194 3 0.0008832712932734 
197 1 0.0008957570956109 
198 3 0.0000162003393747 
199 1 0.0009044810906095 
200 3 0.0000163692110355 
201 1 0.0009165022159035 
202 2 0.0000168053406950 
203 2 0.0000159887273950 
204 1 0.0000140846636318 
205 2 0.0000134723756320 
206 2 0.0009395095788565 
209 1 0.0009553722261537 
211 3 0.0000143437943211 
212 1 0.0009721574238936 
213 1 0.0000139675074622 
214 1 0.0009837089554254 
215 1 0.0009854151225303 
219 1 0.0010062390555903 
221 2 0.0000154966856507 
223 2 0.0010240287561311 
226 1 0.0010421283237603 
227 1 0.0010485298368282 
229 4 0.0010568768181910 
230 1 0.0010617431848913 
233 2 0.0010772417698953 
234 2 0.0010846338384146 
236 1 0.0010933291992500 
240 3 0.0011136474709261 
241 1 0.0011175779332165 
244 1 0.0011343474176268 
246 1 0.0011443321783272 
247 1 0.0011512643805497 
249 2 0.0011603162275545 
250 2 0.0011661857392653 
251 1 0.0000171426594617 
254 1 0.0011875048853492 
255 1 0.0011935375061694 
257 1 0.0012076331170556 
258 1 0.0012130137995594 
261 3 0.0000181189978840 
269 1 0.0012695902581172 
271 1 0.0000195396913336 
272 1 0.0012838993082299 
275 2 0.0012967447598033 
285 1 0.0013565939471452 
286 1 0.0013594813375159 
287 1 0.0013649751322847 
289 1 0.0013763803973284 
293 1 0.0013966724187422 
297 1 0.0014227079211233 
299 3 0.0014304629974906 
302 1 0.0014500135540193 
303 1 0.0014656466952039 
304 1 0.0014617486204409 
313 1 0.0015129445049919 
320 1 0.0000230266231344 
323 1 0.0000239768048135 
324 1 0.0015759473063562 
326 2 0.0015889714209693 
354 1 0.0017559735371402 
360 1 0.0018039077340060 
364 1 0.0018219805833857 
380 1 0.9998573978625064 
381 1 0.9998615250917988 
382 1 0.9998956097368926 
414 1 0.9999282035941398 
426 1 0.9999361500626819 
440 1 0.9999398406783726 
446 1 0.9999230853537293 
479 1 0.9999397438831543 
565 1 0.9999374929557594 
913 1 0.0000391023773323 
