100000
1 60 0.0110630602451889 
2 66 0.0059175065504166 
3 67 0.0008303734781458 
4 109 0.0011077033794528 
5 84 0.0013818465775037 
6 65 0.0016559510398905 
7 64 0.0019280315327213 
8 69 0.0022067944166270 
9 58 0.0022117893758203 
10 70 0.0027685984910257 
11 71 0.0030481711848762 
12 49 0.0033272169005274 
13 46 0.0036116188251632 
14 50 0.0038878264628120 
15 57 0.0041677148932470 
16 38 0.0044491912509468 
17 47 0.0047293205993701 
18 53 0.0050127890822809 
19 42 0.0052924058263822 
20 31 0.0055746886480899 
21 52 0.0058560951687865 
22 34 0.0061389017737830 
23 32 0.0064192419978896 
24 31 0.0067008890778499 
25 34 0.0069865427656597 
26 30 0.0072668353928155 
27 30 0.0075459142028029 
28 17 0.0078326448148185 
29 24 0.0081191533736920 
30 25 0.0083989172822703 
31 25 0.0086897306177400 
32 27 0.0089721732407227 
33 18 0.0092536838619982 
34 30 0.0095368501014747 
35 25 0.0098268313913661 
36 19 0.0101125793389178 
37 16 0.0103958203533289 
38 21 0.0106832078425560 
39 12 0.0109670736544957 
40 23 0.0112544122871727 
41 10 0.0115499473971309 
42 15 0.0118345533252190 
43 11 0.0121170583670896 
44 12 0.0124186693659965 
45 12 0.0126815540749437 
46 10 0.0129997564409814 
47 14 0.0132979171049915 
48 7 0.0136152445859058 
49 12 0.0138560080943544 
50 13 0.0141194843592792 
51 10 0.0144521103581289 
52 8 0.0147537058546533 
53 9 0.0150123059608693 
54 17 0.0153114683751317 
55 7 0.0156474318873764 
56 6 0.0158986125547974 
57 10 0.0161570436392767 
58 5 0.0164709605793886 
59 8 0.0167552414291995 
60 10 0.0170474297661919 
61 9 0.0173437117936858 
62 8 0.0176344647331004 
63 4 0.0179254455334185 
64 4 0.0182103404222602 
65 6 0.0185064515242396 
66 3 0.0187948558508496 
67 5 0.0190847366227148 
68 4 0.0193804669483406 
69 6 0.0196554238112395 
70 6 0.0199430605088940 
71 3 0.0202679963358208 
72 6 0.0205749223559843 
73 4 0.0207929325940907 
74 6 0.0211419175790712 
75 18 0.0214108735591486 
76 4 0.0216904584731841 
77 2 0.0219628074280904 
78 6 0.0222675448024626 
79 3 0.0225854620983774 
80 4 0.0228626194578683 
81 3 0.0231436539394408 
82 5 0.0234379341804638 
83 20 0.0237336202694890 
84 3 0.0240740369810414 
85 1 0.0243418822344084 
86 3 0.0246654735226699 
87 1 0.0248929156614249 
89 5 0.0255345006584305 
90 2 0.0258482679007697 
91 3 0.0261683662272341 
92 5 0.0265037709442492 
93 1 0.0267080277001333 
94 3 0.0269381191508648 
95 1 0.0272446177879376 
96 18 0.0275502294428123 
97 1 0.0278456602587023 
98 1 0.0281697868051351 
99 3 0.0284342491152990 
100 1 0.0286872072865346 
103 1 0.0296681229071493 
104 3 0.0047798664670734 
106 1 0.0048847899116316 
109 2 0.0050363610523455 
111 1 0.0051427085392600 
112 1 0.0051956660353150 
113 1 0.0052477000152306 
115 2 0.0053611988995422 
116 2 0.0054027993766819 
117 3 0.0054640298431718 
118 2 0.0057211867410950 
120 16 0.0056249683394610 
121 2 0.0004161450434284 
122 1 0.0352811653282336 
124 1 0.0004284498151877 
125 2 0.0004313641310731 
127 1 0.0004391198344025 
128 2 0.0004428562244906 
129 2 0.0004475760092663 
132 1 0.0004597810890150 
133 1 0.0004636319446218 
135 1 0.0004720013665280 
136 1 0.0004751813335976 
137 1 0.0004809210115157 
138 2 0.0004830978901523 
139 1 0.0004875089816403 
140 2 0.0004905903147457 
144 1 0.0005064355672869 
148 1 0.0005220082838970 
149 1 0.0005261735433133 
151 1 0.0005360349195513 
153 1 0.0005444042816186 
156 1 0.0005548074330988 
164 1 0.0005911864681237 
165 5 0.0005946021411335 
166 1 0.0005996785297391 
177 1 0.0006475253357075 
184 1 0.0006772332691893 
186 1 0.0006895659682912 
189 1 0.0007024689348086 
193 1 0.0007199799514445 
199 3 0.0007488373290064 
200 1 0.0007502424492269 
201 2 0.0007594109457455 
207 1 0.0001216469952124 
209 2 0.0001235900239457 
213 1 0.0001258784833182 
215 1 0.0001278733488973 
220 1 0.0001318391994906 
224 1 0.0001324600325993 
225 2 0.0001330162768611 
229 2 0.0001357207467931 
236 1 0.0001400917750261 
238 2 0.0001417101753517 
253 2 0.0001512652718726 
280 1 0.0001685502059469 
298 1 0.0001793186741745 
299 2 0.0001791629315124 
370 1 0.0002205169033067 
408 1 0.0002455657786177 
466 1 0.0002841310230162 
549 1 0.0003362888206551 
571 1 0.0003549106913561 
