100000
1 116 0.0047057853244378 
2 80 0.0031466620750384 
3 79 0.0007407732501384 
4 50 0.0006802722391760 
5 61 0.0006020938521010 
6 47 0.0005503451384052 
7 45 0.0006358402458055 
8 43 0.0003957961254921 
9 37 0.0003346105623622 
10 25 0.0002812755681183 
11 34 0.0002861948373915 
12 27 0.0003131394639331 
13 27 0.0003390837977198 
14 25 0.0003657513999821 
15 34 0.0003919165426137 
16 30 0.0004186869978592 
17 28 0.0004460153631053 
18 25 0.0004721964203584 
19 17 0.0004989031065996 
20 20 0.0005260054256872 
21 17 0.0005546769060272 
22 17 0.0005814884227149 
23 18 0.0117142020787646 
24 15 0.0122534004217812 
25 19 0.0128048966233907 
26 13 0.0133375631552913 
27 16 0.0138718583772277 
28 14 0.0144152811220428 
29 13 0.0149527142661738 
30 11 0.0154719096394847 
31 12 0.0160082853902611 
32 9 0.0165467519084642 
33 16 0.0170803047511197 
34 22 0.0176211913832287 
35 12 0.0181673737946135 
36 10 0.0187179713821014 
37 3 0.0192361704282720 
38 16 0.0197794033157667 
39 6 0.0203242672509658 
40 12 0.0208705870224833 
41 13 0.0214003776978286 
42 11 0.0219540041684479 
43 12 0.0225141253154335 
44 9 0.0230422451312999 
45 15 0.0236105946216790 
46 10 0.0241350021852152 
47 10 0.0246929967103556 
48 11 0.0252484523940014 
49 10 0.0258089657293139 
50 4 0.0263450909423582 
51 8 0.0269271983319245 
52 8 0.0274565728752763 
53 6 0.0280209558154151 
54 9 0.0285884543941706 
55 10 0.0291469112800830 
56 3 0.0297261551942633 
57 7 0.0302673660445264 
58 9 0.0308566638789242 
59 11 0.0313971722023793 
60 2 0.0319784011218420 
61 5 0.0325610129585759 
62 8 0.0331284950103498 
63 5 0.0337239344112553 
64 12 0.0342608757668496 
65 9 0.0348636241647280 
66 2 0.0354129478799664 
67 5 0.0360169605763377 
68 5 0.0365675517827053 
69 3 0.0371732495780188 
70 5 0.0377431602047991 
71 6 0.0383647447475665 
72 4 0.0389381667524390 
73 5 0.0395250545818561 
74 8 0.0400945292966143 
75 7 0.0407323345791794 
76 8 0.0413267921483561 
77 6 0.0418858308414615 
78 2 0.0425097536066586 
79 5 0.0430928389393360 
80 2 0.0437129467810940 
81 1 0.0443075060861665 
82 7 0.0449196103149394 
83 9 0.0455049498761175 
84 4 0.0461049682363202 
85 3 0.0467233096097199 
86 7 0.0473373661314181 
87 6 0.0479546613750228 
88 3 0.0485554660019387 
89 2 0.0492168770175353 
90 4 0.0497964368646207 
91 5 0.0504104811376738 
92 2 0.0510756036894940 
93 3 0.0516691311723760 
94 7 0.0522781879098264 
95 2 0.0529539872571459 
96 10 0.0535527766688685 
97 7 0.0541690917170846 
98 6 0.0547969785343956 
99 4 0.0554333678006543 
100 3 0.0561141124575733 
101 6 0.0566868391650291 
102 2 0.0573657781846496 
103 2 0.0579993878593986 
104 6 0.0586069636286993 
105 4 0.0592942523068021 
106 10 0.0599384602588579 
107 1 0.0605601603792130 
108 2 0.0612030794411480 
109 4 0.0618479504154106 
110 10 0.0625735278037688 
111 5 0.0631775459715803 
112 3 0.0638115663098679 
113 3 0.0645565317804480 
114 3 0.0651948949139269 
115 2 0.0658529624153250 
116 4 0.0665314454768086 
117 3 0.0671911987462335 
119 1 0.0685608442933164 
120 2 0.0692087528974006 
121 4 0.0699129464330872 
122 2 0.0705996827118649 
123 3 0.0712781830456842 
124 2 0.0719504936673312 
125 1 0.0726167802321528 
127 1 0.0739574421968992 
128 2 0.0747225396819648 
130 3 0.0761249706877107 
131 2 0.0768010084852832 
132 1 0.0775532222802731 
135 1 0.0796309079657451 
136 3 0.0803878452579655 
137 1 0.0810719868369114 
138 2 0.0817230895544869 
139 2 0.0824932155667548 
141 18 0.0839851272396085 
142 2 0.0846803260493035 
143 3 0.0854152029776870 
145 3 0.0868342232796352 
148 1 0.0890607272278037 
149 14 0.0898283503514069 
150 3 0.0905265944381258 
151 19 0.0911170801260248 
152 1 0.0919594284496974 
155 1 0.0008906217462894 
156 2 0.0008995814238952 
157 2 0.0009015076781868 
158 3 0.0009054930246222 
162 1 0.0009292681154886 
163 1 0.0009350062362583 
164 2 0.0009411121943793 
165 1 0.0009488863529657 
166 1 0.0009529997855797 
173 1 0.0009939810310138 
177 1 0.0010184728034974 
178 2 0.0010291943990129 
180 1 0.0010343257029709 
181 1 0.0010413069912984 
184 1 0.0010694948819218 
187 1 0.0010779216210584 
189 1 0.0010913084817462 
192 1 0.0011090790867981 
197 1 0.0011345267902946 
204 1 0.0011761712555214 
206 1 0.0011956339083505 
209 1 0.0012101575620866 
211 1 0.0012194040880016 
222 1 0.0012842101601795 
237 2 0.0013727198702713 
242 1 0.0014049052443049 
413 1 0.0024677074552873 
549 1 0.0009175236964900 
