100000
1 1153 0.0910864785598889 
2 250 0.0012895434015198 
3 123 0.0001086356473520 
4 59 0.0000442593054214 
5 40 0.0000650619927812 
6 24 0.0000653213446923 
7 14 0.0000683409983314 
8 14 0.0000714327907803 
9 9 0.0000744219239285 
10 4 0.0000779419938142 
11 10 0.0000808947019021 
12 12 0.0000825038911569 
13 5 0.0000844558434036 
14 4 0.0000871790647176 
15 4 0.0000898161416826 
16 8 0.0000915819471230 
17 7 0.0000926663465665 
18 5 0.0000940660997190 
19 2 0.0000961689526846 
20 2 0.0000986726632926 
21 2 0.0001010669071597 
22 4 0.0001029349175300 
23 2 0.0001047427401177 
24 1 0.0001071536772513 
25 4 0.0001089873605393 
26 4 0.0001100084882346 
27 1 0.0001116875035459 
28 3 0.0001135118258570 
29 2 0.0001150067945948 
30 2 0.0001166888032446 
31 1 0.0001185854107372 
32 4 0.0001186263956863 
33 2 0.0001230769305982 
34 1 0.0001224312153453 
35 1 0.0001243980837721 
37 1 0.0001288598873190 
39 2 0.0001328379622767 
40 4 0.0001331189729427 
41 6 0.0001319532045206 
42 3 0.0001312010128783 
45 3 0.0001352295914754 
46 1 0.0001390012281294 
47 1 0.0001382576342812 
48 1 0.0001397136497138 
49 1 0.0001395476560634 
50 2 0.0001429169776902 
51 1 0.0001430901261077 
53 2 0.0001461270280389 
54 1 0.0001469769220053 
55 1 0.0001482171678740 
57 1 0.0001514892164461 
60 1 0.0001567224365277 
63 2 0.0001613061417227 
71 1 0.0001756209408533 
75 1 0.0001822036265733 
80 1 0.0001904822748328 
84 1 0.0001934146229748 
87 2 0.0002013929146193 
105 1 0.0002302920717435 
106 1 0.0002277217844054 
109 1 0.0002352815722286 
116 1 0.0002431258089001 
117 1 0.0002424683212110 
135 1 0.0002706016542574 
158 1 0.0003055935626805 
165 1 0.0003130410342920 
218 1 0.0000902719243511 
382 1 0.0001324064370689 
403 1 0.0001344414390164 
