100000
1 75 0.0000071917668690 
2 98 0.0000146319179044 
3 93 0.0000222147154347 
4 99 0.0000297054444271 
5 93 0.0000373515574958 
6 98 0.0000448860287577 
7 98 0.0000524665196226 
8 111 0.0000599981939312 
9 100 0.0000674281615914 
10 95 0.0000749072788139 
11 81 0.0000825097651023 
12 82 0.0000900897482215 
13 79 0.0000975669966477 
14 87 0.0001051345663849 
15 106 0.0001125847530506 
16 82 0.0001202482440468 
17 76 0.0001277980046235 
18 73 0.0001354936627774 
19 72 0.0001427732188893 
20 63 0.0001504704548114 
21 52 0.0001579274599812 
22 63 0.0001655159354055 
23 53 0.0001732198020161 
24 60 0.0001808012939674 
25 55 0.0001884238247200 
26 56 0.0001958768545319 
27 49 0.0002035469702433 
28 37 0.0002111625200235 
29 38 0.0002186229214350 
30 40 0.0002262620570700 
31 38 0.0002334074711753 
32 44 0.0002410481707126 
33 35 0.0002490514977305 
34 43 0.0002567941839275 
35 36 0.0002642506882539 
36 43 0.0002718902652130 
37 43 0.0002796284260136 
38 44 0.0002868792175903 
39 29 0.0002947545074546 
40 27 0.0003026269077670 
41 29 0.0003095615374416 
42 21 0.0003171362380303 
43 29 0.0003247579193786 
44 21 0.0003327318490977 
45 19 0.0003407055349244 
46 24 0.0003477752765594 
47 24 0.0003556449524796 
48 24 0.0003624889781464 
49 33 0.0003704774151338 
50 25 0.0003780757553284 
51 20 0.0003865934900614 
52 19 0.0003931230871188 
53 15 0.0004011592632446 
54 23 0.0004087496586770 
55 23 0.0004168689786285 
56 18 0.0004238290665150 
57 23 0.0004311039234014 
58 15 0.0004392252546191 
59 11 0.0004466937434623 
60 18 0.0004545403554462 
61 18 0.0004625273290314 
62 16 0.0004705819455446 
63 23 0.0004774549632940 
64 13 0.0004868674670949 
65 20 0.0004927519202017 
66 22 0.0005005266042538 
67 13 0.0005080309065127 
68 16 0.0005156263298854 
69 14 0.0005232446911279 
70 17 0.0005331254720432 
71 18 0.0005384574976327 
72 15 0.0005461963242135 
73 10 0.0005544466024129 
74 10 0.0005640237953454 
75 8 0.0005696856186619 
76 15 0.0005764161886319 
77 10 0.0005848584988144 
78 11 0.0005927445889911 
79 16 0.0005999752981500 
80 8 0.0006083107859220 
81 4 0.0006160840434232 
82 12 0.0006238508288367 
83 17 0.0006313661109609 
84 12 0.0006388997100247 
85 10 0.0006489845823339 
86 9 0.0006540280206087 
87 5 0.0006624216015750 
88 9 0.0006705155690858 
89 9 0.0006791950140810 
90 7 0.0006864913010715 
91 9 0.0006940769773209 
92 10 0.0007013880727369 
93 11 0.0007094531235523 
94 7 0.0007178187833185 
95 9 0.0007274028920010 
96 11 0.0007329379271036 
97 8 0.0007401887123577 
98 5 0.0007476458328549 
99 11 0.0007567331800058 
100 10 0.0007650379492800 
101 4 0.0007734561421850 
102 9 0.0007802553649647 
103 6 0.0007881940123790 
104 6 0.0007958489588997 
105 7 0.0008034365155086 
106 9 0.0008114372251083 
107 9 0.0008223908670853 
108 6 0.0008309373968795 
109 9 0.0008361705738133 
110 4 0.0008445144533198 
111 1 0.0008503493575093 
112 7 0.0008600364289847 
113 8 0.0008677327511619 
114 4 0.0008745052241844 
115 10 0.0008836818123811 
116 6 0.0008936672515534 
117 9 0.0008995117133576 
119 4 0.0009154395623190 
120 5 0.0009230412455848 
121 6 0.0009372660297063 
122 12 0.0009385101296315 
123 11 0.0009483436169523 
124 9 0.0009551008813585 
125 5 0.0009636552068518 
126 6 0.0009714935084355 
127 4 0.0009790370310926 
128 5 0.0009876619247939 
129 4 0.0009951447795668 
130 6 0.0010041403995827 
131 6 0.0010131329457112 
132 4 0.0010201273765220 
133 3 0.0010300772243963 
134 3 0.0010375686186573 
135 7 0.0010455259705148 
136 4 0.0010555850730985 
137 5 0.0010641329175510 
138 2 0.0010682694512274 
139 5 0.0010812573384065 
140 3 0.0010853879775406 
141 7 0.0010928911891404 
142 7 0.0011045624779488 
144 1 0.0011242091650635 
145 3 0.0011264224830741 
146 5 0.0011373410080863 
147 6 0.0011470097108785 
148 3 0.0011514034341115 
149 1 0.0011629292457275 
150 2 0.0011732647317934 
151 5 0.0011805105611147 
152 4 0.0011845068620448 
153 2 0.0011966306678222 
154 4 0.0012033900502125 
155 5 0.0012148369371332 
156 6 0.0012178019348457 
157 1 0.0012283825170202 
158 5 0.0012416838438876 
159 3 0.0012468719076969 
160 6 0.0012514419223665 
161 4 0.0012627835438944 
162 2 0.0012697029070683 
163 1 0.0012771031122310 
164 4 0.0012874976139065 
165 5 0.0012949221537256 
166 4 0.0013031337225690 
167 2 0.0013107694868108 
168 5 0.0013344519509019 
169 3 0.0013294197386235 
170 3 0.0013381758695907 
171 3 0.0013477527638259 
172 3 0.0013554704195806 
173 6 0.0013674627531915 
174 2 0.0013729031025226 
175 2 0.0013819320068259 
176 4 0.0013914359602708 
177 4 0.0013999430186143 
178 5 0.0014073645034875 
179 3 0.0014170079666216 
180 2 0.0014255705913493 
181 2 0.0014344858119160 
182 5 0.0014420358112857 
183 3 0.0014557298360673 
184 3 0.0014632174583990 
185 4 0.0014706739982594 
186 4 0.0014826408393992 
187 4 0.0014946551385807 
188 4 0.0014959990567044 
189 3 0.0015095971361274 
190 6 0.0015132700070854 
191 4 0.0015242822787835 
192 2 0.0015378096287516 
193 3 0.0015411503657587 
194 1 0.0015497378979875 
195 4 0.0015628727731196 
196 2 0.0015662764300498 
197 3 0.0015802069151212 
198 5 0.0015867189017502 
199 2 0.0015949217327805 
200 1 0.0016029921167909 
201 4 0.0016143960382197 
202 2 0.0016232069537161 
203 2 0.0016315216256099 
204 1 0.0016410412191958 
205 4 0.0016497632366296 
207 3 0.0016708827037327 
209 1 0.0016877641976774 
210 1 0.0016963584671222 
211 1 0.0017054140360991 
217 1 0.0017626470071858 
220 1 0.0017958334989555 
221 1 0.0018001933869843 
222 1 0.0018078658857860 
223 1 0.0018206720182585 
224 1 0.0018301426825016 
226 1 0.0018470107334114 
229 1 0.0018758824788069 
231 1 0.0018941962483297 
234 2 0.0019214771909063 
235 1 0.0019355477224877 
245 1 0.0020307720308925 
254 1 0.0021179862291403 
291 1 0.0024999528567337 
294 1 0.0025316698575164 
347 1 0.0030517606064050 
547 1 0.0049295950692382 
755 1 0.0069797044345879 
792 1 0.0071634624372637 
1045 1 0.0102372047234157 
