100000
1 115 0.0003869133394940 
2 136 0.0007739589000357 
3 142 0.0011603944413887 
4 134 0.0015467735454873 
5 126 0.0019320912013768 
6 113 0.0022501090517893 
7 83 0.0026986449854191 
8 108 0.0031011007733636 
9 71 0.0034956243669426 
10 67 0.0038866743307507 
11 33 0.0042785057236723 
12 61 0.0046712389056889 
13 64 0.0050684288910699 
14 39 0.0054604161785007 
15 63 0.0058525470538277 
16 60 0.0062492587939280 
17 54 0.0066434821607210 
18 40 0.0070406211846261 
19 35 0.0074412451865839 
20 22 0.0078308619841239 
21 15 0.0082334302017077 
22 20 0.0086330275415610 
23 23 0.0090263047687083 
24 20 0.0094356572165924 
25 16 0.0098360930684880 
26 15 0.0102308184502205 
27 18 0.0106367495462340 
28 9 0.0110505093388475 
29 13 0.0114492550948957 
30 9 0.0118432017655194 
31 21 0.0122621248310702 
32 11 0.0127080018665055 
33 10 0.0130643429454186 
34 14 0.0134755325184026 
35 15 0.0138923245979498 
36 11 0.0143048435491222 
37 9 0.0147150239371651 
38 7 0.0151314935891085 
39 5 0.0155457074688779 
40 5 0.0159542001933376 
41 4 0.0163602826470382 
42 5 0.0167822006985904 
43 7 0.0172097048191875 
44 6 0.0176185344324336 
45 2 0.0180481296458617 
46 5 0.0184710876199082 
47 5 0.0188887830570059 
48 5 0.0193117955568489 
49 3 0.0197554124331715 
50 6 0.0201762144893716 
51 2 0.0206235802330173 
52 4 0.0210836222090759 
53 3 0.0215179894996930 
54 5 0.0219790850218768 
55 3 0.0224158073186257 
56 3 0.0228426517433036 
57 6 0.0233153386544997 
58 2 0.0237531805686821 
59 2 0.0241713994004366 
60 2 0.0246304292742474 
61 1 0.0251563106468854 
62 4 0.0256007334994985 
63 4 0.0260207904557795 
64 1 0.0265260642268303 
66 4 0.0274943249048019 
67 2 0.0279675245891973 
68 2 0.0285257652266521 
70 6 0.0294544222848107 
71 1 0.0299835351608694 
72 2 0.0305449365184844 
73 2 0.0310484179157253 
74 3 0.0316426725948927 
76 1 0.0014068782996084 
77 3 0.0014357226272073 
78 2 0.0014507256950601 
79 2 0.0014758933238041 
80 2 0.0014940917078928 
81 2 0.0015118924011329 
82 1 0.0015306860116381 
83 2 0.0015526698965767 
84 1 0.0015859476369969 
86 1 0.0016346647152738 
87 4 0.0016357460054180 
88 1 0.0000728853297890 
89 1 0.0000739509486527 
90 2 0.0000746576042500 
91 2 0.0000759877791765 
92 1 0.0000765048703537 
93 1 0.0000774926924831 
94 1 0.0000783189024787 
95 1 0.0000791169808350 
97 2 0.0000810704062951 
99 2 0.0000829411238695 
101 1 0.0000849099147933 
104 2 0.0000874187347259 
105 2 0.0000884381667560 
106 1 0.0000893462357154 
111 1 0.0000940728430464 
112 1 0.0000951107282927 
113 1 0.0000960578840028 
123 2 0.0001058793707346 
128 1 0.0001106620412264 
130 1 0.0001129829713259 
141 1 0.0001241641775871 
146 1 0.0001298026744556 
148 1 0.0001322720156740 
151 1 0.0001356941123865 
154 1 0.0001386905750466 
173 1 0.0001559493089547 
223 1 0.0002004837152756 
273 1 0.0002494520738643 
