100000
1 135 0.0220494406299763 
2 106 0.0025678314214327 
3 78 0.0016706736240158 
4 51 0.0011732026784982 
5 39 0.0009364030647657 
6 49 0.0000347605578356 
7 29 0.0000604560198268 
8 26 0.0000692048063226 
9 16 0.0000778384755993 
10 24 0.0000865387401832 
11 25 0.0000953558603076 
12 27 0.0001040748843053 
13 21 0.0001128255346303 
14 25 0.0001213120328509 
15 24 0.0002597447301206 
16 19 0.0001390129022368 
17 23 0.0002951043690427 
18 21 0.0003111088008259 
19 13 0.0003287007597342 
20 17 0.0003465464751764 
21 11 0.0003640624059337 
22 8 0.0003819340705741 
23 9 0.0003994589874379 
24 8 0.0001426266071531 
25 10 0.0000560985666312 
26 14 0.0001543380946956 
27 10 0.0001607170734965 
28 4 0.0001674264054052 
29 10 0.0005069644511162 
30 13 0.0010407896048147 
31 6 0.0010759016131821 
32 12 0.0001916888350003 
33 10 0.0011457499368110 
34 8 0.0011831280116099 
35 7 0.0012174040183419 
36 12 0.0012531251847325 
37 3 0.0012863865952850 
38 11 0.0013236807805061 
39 10 0.0003423904852306 
40 9 0.0013948836742069 
41 9 0.0014324139548923 
42 8 0.0014679695929883 
43 7 0.0003789814094273 
44 3 0.0015413452876373 
45 5 0.0003962564576881 
46 4 0.0004057667859939 
47 4 0.0004145173956430 
48 7 0.0004242895496262 
49 5 0.0017236560872897 
50 6 0.0004424767738457 
51 3 0.0004507403395036 
52 2 0.0004602173665700 
53 5 0.0004707192406868 
54 5 0.0004788657156697 
55 3 0.0004875066669280 
56 8 0.0019847337038326 
57 1 0.0005062857294999 
58 2 0.0020619560740391 
59 7 0.0030339293785823 
60 1 0.0005334162828893 
61 2 0.0031432206009770 
62 4 0.0005532032585338 
63 3 0.0005621101742419 
64 5 0.0005713141957053 
65 3 0.0005819547203322 
66 3 0.0005896562793728 
67 3 0.0006003311540140 
68 6 0.0006087041599169 
69 4 0.0006188037706890 
70 6 0.0006289113247214 
71 7 0.0006406715696062 
72 3 0.0006478435332016 
73 2 0.0006573916153005 
74 2 0.0013068477397719 
75 4 0.0013272485334928 
76 2 0.0013425980345367 
77 2 0.0013632633630462 
78 3 0.0028416670288784 
79 6 0.0028747864255992 
80 3 0.0029184532140764 
81 2 0.0029640330178778 
82 3 0.0030123373141929 
83 1 0.0030390309172558 
84 1 0.0043637979093388 
85 2 0.0044255332417616 
86 4 0.0044880841172309 
87 3 0.0045410358744998 
88 3 0.0045882257971570 
89 2 0.7653697237868895 
90 1 0.7756202847647810 
91 2 0.7859660625933006 
92 3 0.7962064922258789 
93 3 0.8064670545662399 
94 1 0.8168958958109791 
95 1 0.8274128282310856 
96 3 0.8378025451752228 
97 3 0.8482539911034774 
98 2 0.8587251707567435 
99 1 0.8692542530408465 
101 1 0.8902252511368608 
102 2 0.9007004842193639 
103 1 0.9111765663447244 
104 4 0.9216803752452882 
105 1 0.9322463029332019 
107 1 0.9534800665237414 
108 1 0.9641342091425387 
110 1 0.9856266161465566 
111 2 0.9963572976029316 
112 1 0.9990956557032059 
114 1 0.9994589847332354 
116 1 0.9995640774198644 
117 2 0.9996085552237468 
118 1 0.9996486600526407 
120 1 0.9996819798994652 
121 1 0.9997065316434574 
122 2 0.9997299064391126 
123 2 0.0000924570539666 
125 1 0.9996615948144196 
128 3 0.0000928482168585 
129 1 0.0000925413910418 
130 1 0.0000924788949337 
133 2 0.0000926360935135 
136 1 0.0000927578735481 
137 1 0.0000926609509788 
138 3 0.0000923039017237 
143 1 0.0000925292058141 
144 1 0.0000924040488478 
147 2 0.0000924001848674 
149 1 0.0000922473749813 
170 2 0.0000794704361794 
171 1 0.0002765412331992 
179 1 0.0000804607426594 
182 1 0.0000806516251683 
196 1 0.0003183125315290 
199 1 0.0003213027219393 
211 1 0.0003422884391031 
218 1 0.0002255589123926 
223 1 0.0002313619769470 
243 1 0.0002511561041317 
274 1 0.0000882858012888 
277 1 0.0000880670839782 
301 1 0.0003123069346401 
306 1 0.0001660257144943 
351 1 0.0001909452638323 
