100000
1 971 0.0083747560872694 
2 487 0.0048040201492224 
3 355 0.0027559338236017 
4 243 0.0018045676216193 
5 208 0.0022568539102591 
6 182 0.0027021664969742 
7 156 0.0031487849082741 
8 146 0.0036106704052566 
9 119 0.0040581630643219 
10 127 0.0045162630212577 
11 121 0.0049672245349713 
12 105 0.0054116644050756 
13 85 0.0058688196046219 
14 84 0.0063244576566424 
15 81 0.0067767552130774 
16 82 0.0072359204923025 
17 62 0.0076800703850190 
18 72 0.0081338728858985 
19 53 0.0085898759697413 
20 42 0.0090441760911615 
21 41 0.0095006347918235 
22 52 0.0099495927745921 
23 41 0.0103987803037900 
24 51 0.0108605392961134 
25 44 0.0113111084730109 
26 32 0.0117592625824807 
27 42 0.0122198760299145 
28 31 0.0126728932413188 
29 26 0.0131335020223332 
30 26 0.0135767168629468 
31 22 0.0140466074433335 
32 22 0.0144898696906411 
33 23 0.0149483857771283 
34 18 0.0154201441486253 
35 10 0.0158797944897338 
36 19 0.0163368449567514 
37 20 0.0168000933465251 
38 20 0.0172774276270341 
39 19 0.0177577412520958 
40 16 0.0182262790405399 
41 8 0.0186906036907625 
42 15 0.0191936663623051 
43 13 0.0196942935235615 
44 11 0.0201954237438685 
45 7 0.0009715508812887 
46 12 0.0009990436809865 
47 13 0.0010165994532208 
48 10 0.0010406558314348 
49 9 0.0010603545783676 
50 14 0.0010871163377103 
51 11 0.0003196553614099 
52 5 0.0003255441996856 
53 6 0.0003358046984987 
54 10 0.0003395514175829 
55 8 0.0003468667697204 
56 13 0.0003531561574272 
57 9 0.0003589388340633 
58 10 0.0003652449105523 
59 4 0.0000176787488599 
60 6 0.0000179627739310 
61 3 0.0000182588818126 
62 1 0.0000185818361762 
63 5 0.0000188674279066 
64 5 0.0000192420428718 
65 6 0.0000194611165784 
66 6 0.0000198274382941 
67 2 0.0000200680380546 
68 5 0.0000203962668046 
69 4 0.0000207367656228 
70 5 0.0000209988826675 
72 1 0.0000216148669823 
73 2 0.0000219790618944 
74 5 0.0000222147413461 
75 3 0.0000227004679713 
76 1 0.0000228348491275 
77 2 0.0000231407600637 
78 3 0.0000234686213266 
79 3 0.0000238054595153 
80 1 0.0000240887236416 
81 3 0.0000243509924790 
83 4 0.0000249801523921 
85 2 0.0000255870035044 
86 1 0.0000259829626342 
87 2 0.0000261789655694 
88 5 0.0000265249327891 
89 2 0.0000268142588220 
90 1 0.0000271307379825 
91 3 0.0000274611673707 
92 2 0.0000277238203085 
93 2 0.0000280426369438 
94 5 0.0000284073747608 
95 3 0.0000286209012143 
96 4 0.0000290598300629 
97 2 0.0000293477677484 
98 3 0.0000295947832593 
99 3 0.0000299108128566 
100 2 0.0000302033919884 
101 3 0.0000305329469072 
102 2 0.0000307804887923 
103 1 0.0000311396819690 
105 3 0.0000317419002407 
107 1 0.0000324606741538 
108 1 0.0000326654494927 
109 3 0.0000330149547131 
111 2 0.0000336871084903 
112 2 0.0000339013030068 
113 2 0.0000342886800533 
114 1 0.0000345978672769 
115 2 0.0000348289169189 
116 3 0.0000352502035710 
118 3 0.0000358354170675 
119 1 0.0000360728043208 
121 1 0.0000367672081732 
123 3 0.0000373955146209 
125 2 0.0000380231938586 
126 1 0.0000383532988477 
127 2 0.0000386663171847 
128 2 0.0000389520488276 
129 1 0.0000392740621148 
130 1 0.0000396573063824 
133 1 0.0000405034405920 
134 1 0.0000408709258389 
136 1 0.0000415271407836 
137 1 0.0000417802391129 
138 2 0.0000421570709387 
139 1 0.0000423991795185 
140 1 0.0000427479194052 
142 1 0.0000434839200319 
143 1 0.0000437127555141 
145 1 0.0000444562859245 
146 1 0.0000446438731953 
149 1 0.0000458644414740 
151 1 0.0000462477251844 
152 1 0.0000465665670019 
157 1 0.0000482126124331 
159 1 0.0000487688920221 
163 1 0.0000500534553716 
164 1 0.0000504691942295 
166 1 0.0000511134532364 
169 2 0.0000519930478450 
173 3 0.0000533336151053 
174 1 0.0000536717728508 
175 2 0.0000539813358342 
178 1 0.0000549607219299 
181 1 0.0000559042473225 
187 1 0.0000579395080541 
188 1 0.0000581575143199 
190 2 0.0000588592799991 
191 2 0.0000591281947336 
194 1 0.0000601266961035 
196 2 0.0000608925321427 
203 1 0.0000631572698878 
207 1 0.0000643432249542 
208 1 0.0000647868258165 
212 1 0.0000660573235240 
215 1 0.0000672008366348 
220 1 0.0000687295941351 
224 1 0.0000701422390058 
225 1 0.0000705819410500 
233 1 0.0000730210160886 
239 1 0.0000752940580282 
241 1 0.0000757777557122 
242 1 0.0000761221253788 
245 1 0.0000771870749502 
252 1 0.0000795878631226 
261 1 0.0000826162704878 
296 1 0.0000949316582031 
315 1 0.0001016632481787 
349 1 0.0001139103729423 
351 1 0.0001145165217793 
352 1 0.0001148909832833 
355 1 0.0001160587060030 
395 1 0.0001309378733787 
477 1 0.0001627643627606 
