10 100000
0.024301298965413647
0.019109362001839852
0.0072866729472516965
0.006500751138652944
0.004163813112715255
0.003753210419836043
0.0031228598345364417
0.0031228598345364417
0.0020819065563576276
0.0018029839661110846
0.02 0.003462699384953462 0.003462699384953462 0.003462699384953462 0.003462699384953462 0.003462699384953462 0.003462699384953462 0.003462699384953462 0.003462699384953462 0.003462699384953462
0.003462699384953462 0.02 0.003462699384953462 0.003462699384953462 0.003462699384953462 0.003462699384953462 0.003462699384953462 0.003462699384953462 0.003462699384953462 0.003462699384953462
0.003462699384953462 0.003462699384953462 0.02 0.003462699384953462 0.003462699384953462 0.003462699384953462 0.003462699384953462 0.003462699384953462 0.003462699384953462 0.003462699384953462
0.003462699384953462 0.003462699384953462 0.003462699384953462 0.02 0.003462699384953462 0.003462699384953462 0.003462699384953462 0.003462699384953462 0.003462699384953462 0.003462699384953462
0.003462699384953462 0.003462699384953462 0.003462699384953462 0.003462699384953462 0.02 0.003462699384953462 0.003462699384953462 0.003462699384953462 0.003462699384953462 0.003462699384953462
0.003462699384953462 0.003462699384953462 0.003462699384953462 0.003462699384953462 0.003462699384953462 0.02 0.003462699384953462 0.003462699384953462 0.003462699384953462 0.003462699384953462
0.003462699384953462 0.003462699384953462 0.003462699384953462 0.003462699384953462 0.003462699384953462 0.003462699384953462 0.02 0.003462699384953462 0.003462699384953462 0.003462699384953462
0.003462699384953462 0.003462699384953462 0.003462699384953462 0.003462699384953462 0.003462699384953462 0.003462699384953462 0.003462699384953462 0.02 0.003462699384953462 0.003462699384953462
0.003462699384953462 0.003462699384953462 0.003462699384953462 0.003462699384953462 0.003462699384953462 0.003462699384953462 0.003462699384953462 0.003462699384953462 0.02 0.003462699384953462
0.003462699384953462 0.003462699384953462 0.003462699384953462 0.003462699384953462 0.003462699384953462 0.003462699384953462 0.003462699384953462 0.003462699384953462 0.003462699384953462 0.02
545
337
49
39
16
13
9
9
4
3
