10 100000
0.006068077901749044
0.007716750314407449
0.020237243568265475
0.02268386715483157
0.03541517624446459
0.03928961042431116
0.04722023499261944
0.04722023499261944
0.07083035248892917
0.08178784615255866
0.02 0.003462699384953462 0.003462699384953462 0.003462699384953462 0.003462699384953462 0.003462699384953462 0.003462699384953462 0.003462699384953462 0.003462699384953462 0.003462699384953462
0.003462699384953462 0.02 0.003462699384953462 0.003462699384953462 0.003462699384953462 0.003462699384953462 0.003462699384953462 0.003462699384953462 0.003462699384953462 0.003462699384953462
0.003462699384953462 0.003462699384953462 0.02 0.003462699384953462 0.003462699384953462 0.003462699384953462 0.003462699384953462 0.003462699384953462 0.003462699384953462 0.003462699384953462
0.003462699384953462 0.003462699384953462 0.003462699384953462 0.02 0.003462699384953462 0.003462699384953462 0.003462699384953462 0.003462699384953462 0.003462699384953462 0.003462699384953462
0.003462699384953462 0.003462699384953462 0.003462699384953462 0.003462699384953462 0.02 0.003462699384953462 0.003462699384953462 0.003462699384953462 0.003462699384953462 0.003462699384953462
0.003462699384953462 0.003462699384953462 0.003462699384953462 0.003462699384953462 0.003462699384953462 0.02 0.003462699384953462 0.003462699384953462 0.003462699384953462 0.003462699384953462
0.003462699384953462 0.003462699384953462 0.003462699384953462 0.003462699384953462 0.003462699384953462 0.003462699384953462 0.02 0.003462699384953462 0.003462699384953462 0.003462699384953462
0.003462699384953462 0.003462699384953462 0.003462699384953462 0.003462699384953462 0.003462699384953462 0.003462699384953462 0.003462699384953462 0.02 0.003462699384953462 0.003462699384953462
0.003462699384953462 0.003462699384953462 0.003462699384953462 0.003462699384953462 0.003462699384953462 0.003462699384953462 0.003462699384953462 0.003462699384953462 0.02 0.003462699384953462
0.003462699384953462 0.003462699384953462 0.003462699384953462 0.003462699384953462 0.003462699384953462 0.003462699384953462 0.003462699384953462 0.003462699384953462 0.003462699384953462 0.02
545
337
49
39
16
13
9
9
4
3
