10 100000
0.1
0.1
0.1
0.1
0.1
0.1
0.1
0.1
0.1
0.1
0.02 0.003462699384953462 0.003462699384953462 0.003462699384953462 0.003462699384953462 0.003462699384953462 0.003462699384953462 0.003462699384953462 0.003462699384953462 0.003462699384953462
0.003462699384953462 0.02 0.003462699384953462 0.003462699384953462 0.003462699384953462 0.003462699384953462 0.003462699384953462 0.003462699384953462 0.003462699384953462 0.003462699384953462
0.003462699384953462 0.003462699384953462 0.02 0.003462699384953462 0.003462699384953462 0.003462699384953462 0.003462699384953462 0.003462699384953462 0.003462699384953462 0.003462699384953462
0.003462699384953462 0.003462699384953462 0.003462699384953462 0.02 0.003462699384953462 0.003462699384953462 0.003462699384953462 0.003462699384953462 0.003462699384953462 0.003462699384953462
0.003462699384953462 0.003462699384953462 0.003462699384953462 0.003462699384953462 0.02 0.003462699384953462 0.003462699384953462 0.003462699384953462 0.003462699384953462 0.003462699384953462
0.003462699384953462 0.003462699384953462 0.003462699384953462 0.003462699384953462 0.003462699384953462 0.02 0.003462699384953462 0.003462699384953462 0.003462699384953462 0.003462699384953462
0.003462699384953462 0.003462699384953462 0.003462699384953462 0.003462699384953462 0.003462699384953462 0.003462699384953462 0.02 0.003462699384953462 0.003462699384953462 0.003462699384953462
0.003462699384953462 0.003462699384953462 0.003462699384953462 0.003462699384953462 0.003462699384953462 0.003462699384953462 0.003462699384953462 0.02 0.003462699384953462 0.003462699384953462
0.003462699384953462 0.003462699384953462 0.003462699384953462 0.003462699384953462 0.003462699384953462 0.003462699384953462 0.003462699384953462 0.003462699384953462 0.02 0.003462699384953462
0.003462699384953462 0.003462699384953462 0.003462699384953462 0.003462699384953462 0.003462699384953462 0.003462699384953462 0.003462699384953462 0.003462699384953462 0.003462699384953462 0.02
545
337
49
39
16
13
9
9
4
3
