10 100000
0.06075324741353412
0.04777340500459963
0.018216682368129244
0.01625187784663236
0.010409532781788139
0.009383026049590107
0.007807149586341104
0.007807149586341104
0.005204766390894069
0.004507459915277711
0.02 0.003462699384953462 0.003462699384953462 0.003462699384953462 0.003462699384953462 0.003462699384953462 0.003462699384953462 0.003462699384953462 0.003462699384953462 0.003462699384953462
0.003462699384953462 0.02 0.003462699384953462 0.003462699384953462 0.003462699384953462 0.003462699384953462 0.003462699384953462 0.003462699384953462 0.003462699384953462 0.003462699384953462
0.003462699384953462 0.003462699384953462 0.02 0.003462699384953462 0.003462699384953462 0.003462699384953462 0.003462699384953462 0.003462699384953462 0.003462699384953462 0.003462699384953462
0.003462699384953462 0.003462699384953462 0.003462699384953462 0.02 0.003462699384953462 0.003462699384953462 0.003462699384953462 0.003462699384953462 0.003462699384953462 0.003462699384953462
0.003462699384953462 0.003462699384953462 0.003462699384953462 0.003462699384953462 0.02 0.003462699384953462 0.003462699384953462 0.003462699384953462 0.003462699384953462 0.003462699384953462
0.003462699384953462 0.003462699384953462 0.003462699384953462 0.003462699384953462 0.003462699384953462 0.02 0.003462699384953462 0.003462699384953462 0.003462699384953462 0.003462699384953462
0.003462699384953462 0.003462699384953462 0.003462699384953462 0.003462699384953462 0.003462699384953462 0.003462699384953462 0.02 0.003462699384953462 0.003462699384953462 0.003462699384953462
0.003462699384953462 0.003462699384953462 0.003462699384953462 0.003462699384953462 0.003462699384953462 0.003462699384953462 0.003462699384953462 0.02 0.003462699384953462 0.003462699384953462
0.003462699384953462 0.003462699384953462 0.003462699384953462 0.003462699384953462 0.003462699384953462 0.003462699384953462 0.003462699384953462 0.003462699384953462 0.02 0.003462699384953462
0.003462699384953462 0.003462699384953462 0.003462699384953462 0.003462699384953462 0.003462699384953462 0.003462699384953462 0.003462699384953462 0.003462699384953462 0.003462699384953462 0.02
545
337
49
39
16
13
9
9
4
3
