10 100000
0.012136155803498088
0.015433500628814899
0.04047448713653095
0.04536773430966314
0.07083035248892917
0.07857922084862232
0.09444046998523888
0.09444046998523888
0.14166070497785835
0.16357569230511732
0.02 0.003462699384953462 0.003462699384953462 0.003462699384953462 0.003462699384953462 0.003462699384953462 0.003462699384953462 0.003462699384953462 0.003462699384953462 0.003462699384953462
0.003462699384953462 0.02 0.003462699384953462 0.003462699384953462 0.003462699384953462 0.003462699384953462 0.003462699384953462 0.003462699384953462 0.003462699384953462 0.003462699384953462
0.003462699384953462 0.003462699384953462 0.02 0.003462699384953462 0.003462699384953462 0.003462699384953462 0.003462699384953462 0.003462699384953462 0.003462699384953462 0.003462699384953462
0.003462699384953462 0.003462699384953462 0.003462699384953462 0.02 0.003462699384953462 0.003462699384953462 0.003462699384953462 0.003462699384953462 0.003462699384953462 0.003462699384953462
0.003462699384953462 0.003462699384953462 0.003462699384953462 0.003462699384953462 0.02 0.003462699384953462 0.003462699384953462 0.003462699384953462 0.003462699384953462 0.003462699384953462
0.003462699384953462 0.003462699384953462 0.003462699384953462 0.003462699384953462 0.003462699384953462 0.02 0.003462699384953462 0.003462699384953462 0.003462699384953462 0.003462699384953462
0.003462699384953462 0.003462699384953462 0.003462699384953462 0.003462699384953462 0.003462699384953462 0.003462699384953462 0.02 0.003462699384953462 0.003462699384953462 0.003462699384953462
0.003462699384953462 0.003462699384953462 0.003462699384953462 0.003462699384953462 0.003462699384953462 0.003462699384953462 0.003462699384953462 0.02 0.003462699384953462 0.003462699384953462
0.003462699384953462 0.003462699384953462 0.003462699384953462 0.003462699384953462 0.003462699384953462 0.003462699384953462 0.003462699384953462 0.003462699384953462 0.02 0.003462699384953462
0.003462699384953462 0.003462699384953462 0.003462699384953462 0.003462699384953462 0.003462699384953462 0.003462699384953462 0.003462699384953462 0.003462699384953462 0.003462699384953462 0.02
545
337
49
39
16
13
9
9
4
3
