100000
1 144 0.0000086651716345 
2 118 0.0000174098274887 
3 88 0.0000262816226389 
4 75 0.0000350551767278 
5 75 0.0000440434281867 
6 69 0.0000529494825590 
7 55 0.0000618768641040 
8 42 0.0000708071757721 
9 35 0.0000797782850631 
10 31 0.0000886172524136 
11 19 0.0000975436753427 
12 31 0.0001065223328422 
13 23 0.0001154772302761 
14 16 0.0001243131403489 
15 20 0.0001332435169331 
16 21 0.0001420582854597 
17 18 0.0001512467176472 
18 28 0.0001599318345721 
19 17 0.0001689996758647 
20 18 0.0001780352543157 
21 22 0.0001869665739039 
22 18 0.0001960480254701 
23 18 0.0002050994521686 
24 16 0.0002140323968526 
25 9 0.0002230177233949 
26 19 0.0002316962350811 
27 19 0.0002408741151430 
28 22 0.0002497423869269 
29 15 0.0002586497462889 
30 15 0.0002677957708724 
31 12 0.0002768980092781 
32 10 0.0002857118510906 
33 10 0.0002950085211877 
34 14 0.0003037522834629 
35 13 0.0003130536169195 
36 13 0.0003220305431753 
37 17 0.0003304166043560 
38 17 0.0003397953071039 
39 9 0.0003488384110961 
40 12 0.0003581982293530 
41 17 0.0003669904312117 
42 21 0.0003757267513802 
43 9 0.0003848927418284 
44 7 0.0003936560357034 
45 9 0.0004028520844123 
46 9 0.0004114628276522 
47 11 0.0004209321780264 
48 8 0.0004301262573349 
49 8 0.0004389806330188 
50 8 0.0004479983165141 
51 7 0.0004565059312034 
52 11 0.0004665531937208 
53 8 0.0004751323128051 
54 12 0.0004844249304328 
55 7 0.0004935352460050 
56 10 0.0005016483459451 
57 8 0.0005117174003875 
58 9 0.0005212675673389 
59 5 0.0005306265795670 
60 9 0.0005394893989043 
61 3 0.0005497920383128 
62 10 0.0005573156722429 
63 10 0.0005680702555420 
64 5 0.0005753443272249 
65 12 0.0005842812002052 
66 12 0.0005933257576431 
67 5 0.0006030658208404 
68 11 0.0006125262462415 
69 5 0.0006206830118757 
70 9 0.0006301560204876 
71 9 0.0006394377171469 
72 7 0.0006486921180050 
73 4 0.0006578182422860 
74 7 0.0006676200540563 
75 9 0.0006758123743521 
76 3 0.0006849206294130 
77 9 0.0006942466484580 
78 6 0.0007037398994555 
79 3 0.0007128681390243 
80 2 0.0007217994624065 
81 1 0.0007321168534503 
82 3 0.0007402454285345 
83 8 0.0007537040048616 
84 6 0.0007586868510364 
85 1 0.0007679809767128 
86 3 0.0007801695580348 
87 5 0.0007890155699509 
88 9 0.0007975385924216 
89 5 0.0008052268033689 
90 5 0.0008156058738251 
91 4 0.0008247688313572 
92 2 0.0008339667417226 
93 4 0.0008428490901325 
94 3 0.0008533053027886 
95 1 0.0008629170553754 
96 3 0.0008717695564155 
97 5 0.0008825536444721 
98 6 0.0008937310006027 
99 5 0.0008999240526514 
100 3 0.0009114732039483 
101 2 0.0009187159708067 
102 5 0.0009310439410661 
103 1 0.0009389088490742 
104 9 0.0009473411667973 
105 3 0.0009562182654853 
106 4 0.0009649794581655 
107 6 0.0009773497195755 
108 2 0.0009893895111896 
109 4 0.0009945229351741 
110 4 0.0010048344230337 
111 4 0.0010165437329966 
112 7 0.0010233678997853 
113 4 0.0010346569072076 
114 2 0.0010428203886302 
115 4 0.0010521310353599 
116 6 0.0010644655231377 
117 2 0.0010755048540183 
118 2 0.0010810149216299 
119 3 0.0010906528442942 
120 1 0.0011007187969553 
121 1 0.0011117797244388 
122 6 0.0011252871404058 
123 5 0.0011316848583446 
124 3 0.0011464468428799 
125 2 0.0011518409066945 
126 3 0.0011630576618553 
127 3 0.0011704279492999 
128 7 0.0011820853233177 
129 6 0.0011920821785428 
130 2 0.0011989512041508 
131 3 0.0012098913712606 
132 2 0.0012174262775010 
133 3 0.0012313820698725 
134 1 0.0012413307923262 
135 5 0.0012499992616604 
136 2 0.0012600481474294 
137 1 0.0012736571119140 
138 2 0.0012844212392740 
139 1 0.0012963872335894 
140 5 0.0012999523928286 
141 4 0.0013094856795085 
142 2 0.0013213698373150 
143 4 0.0013312378665377 
145 2 0.0013530895879508 
146 2 0.0013616804930809 
147 1 0.0013720573242586 
148 3 0.0013805232572615 
149 1 0.0013923000423722 
150 4 0.0014037041984511 
152 2 0.0014244013581120 
153 1 0.0014358824433516 
154 2 0.0014467979549002 
155 1 0.0014567275663665 
157 1 0.0014751111093946 
158 1 0.0014967611141025 
159 2 0.0014965334447646 
160 3 0.0015113110535172 
161 3 0.0015147283496316 
162 3 0.0015363792547724 
163 2 0.0015405601260523 
164 1 0.0015511753765917 
165 1 0.0015643365453795 
166 4 0.0015719546088637 
167 1 0.0015853543107623 
168 5 0.0015940331249140 
169 2 0.0016062016145710 
170 3 0.0016182958764659 
171 16 0.0016290123118832 
173 5 0.0016603835126753 
174 2 0.0016614275189799 
176 2 0.0016844246557723 
177 2 0.0016910193435668 
178 3 0.0017057851982068 
179 2 0.0017185795032423 
183 2 0.0017594260071528 
184 1 0.0017713804559392 
185 2 0.0017850182826722 
186 3 0.0017944397840045 
187 1 0.0018045404461608 
188 1 0.0018210593804097 
191 1 0.0018525629662096 
192 1 0.0018666936702141 
193 4 0.0018767002592253 
194 1 0.0018910949451062 
195 2 0.0019083652552218 
197 2 0.0019357470772783 
198 1 0.0019441583421503 
199 1 0.0019591466092622 
200 1 0.0019659328944898 
201 1 0.0019730502145276 
202 2 0.0019974662784948 
204 3 0.0020193949978061 
205 1 0.0020347762026418 
206 4 0.0020487219421289 
207 2 0.0020576511223390 
209 1 0.0020826460433899 
212 1 0.0021315024758908 
213 1 0.0021083279304967 
217 4 0.0021976537858977 
218 1 0.0021680409084936 
219 1 0.0022234446541827 
220 1 0.0022370073685414 
221 1 0.0022014137295412 
222 2 0.0022165746500102 
223 1 0.0022842548707455 
224 2 0.0022978894074048 
226 1 0.0022661714535251 
228 2 0.0022864892537110 
232 1 0.0023364853052772 
233 1 0.0023549487791258 
234 4 0.0023638351022455 
236 2 0.0023869319116702 
237 1 0.0024073989970673 
239 1 0.0024307511110032 
240 1 0.0024448933540828 
243 2 0.0024822842805880 
245 1 0.0025003738031219 
246 1 0.0025219872828934 
255 6 0.0026411067902959 
257 1 0.0026721963405095 
258 1 0.0026813460335687 
260 5 0.0027098937037489 
262 6 0.0027354988617341 
263 2 0.0027486209286353 
264 2 0.2071992649776005 
265 2 0.4538205701325752 
267 1 0.5268573994287448 
268 1 0.5400804910278414 
269 1 0.5561888354098518 
270 4 0.5769259230936099 
271 3 0.5984506487530874 
275 1 0.6285454502348619 
276 1 0.6349201014917180 
279 1 0.6498860436979769 
282 2 0.6635394132617372 
285 1 0.6772389013404433 
286 1 0.6826439054894791 
288 1 0.7000895257024891 
293 1 0.8703615418492111 
295 2 0.8715499195250086 
301 1 0.8972362517643320 
309 3 0.9234580002959162 
312 16 0.9328862820534165 
313 1 0.9361022004258659 
315 1 0.9427155039219717 
317 3 0.9494569350897519 
320 1 0.9595892815426996 
321 2 0.9629452089702767 
326 1 0.9787912777354602 
333 2 0.9914356474249277 
337 1 0.9939480094289261 
339 1 0.9947213719912077 
341 1 0.9953608372299775 
347 1 0.9963112043515069 
348 1 0.9965233286856688 
349 1 0.9967487774598353 
352 2 0.9972726950550191 
359 1 0.9976259468200604 
369 1 0.9979781764387348 
370 2 0.9980624952059060 
373 1 0.9981920100794710 
399 1 0.9985035712307758 
405 1 0.9986103206902873 
406 2 0.9986417371694934 
410 1 0.9987043672459829 
411 1 0.9987387628500622 
412 1 0.9987601788443190 
419 17 0.9989387064805122 
472 2 0.9991109242841989 
