100000
1 60 0.0000119005310490 
2 66 0.0000238282527671 
3 67 0.0000357796960679 
4 109 0.0000477394249920 
5 84 0.0000597139678196 
6 65 0.0000716982435206 
7 64 0.0000836938339596 
8 69 0.0000956943145273 
9 58 0.0001076897084289 
10 70 0.0001196902491782 
11 71 0.0001316931122327 
12 49 0.0001436986594201 
13 46 0.0001557082543934 
14 50 0.0001677184086398 
15 57 0.0001797241884921 
16 38 0.0001917386713420 
17 47 0.0002037517399173 
18 53 0.0002157651093514 
19 42 0.0002277816801590 
20 31 0.0002398045002419 
21 52 0.0002518310463651 
22 34 0.0002638648089544 
23 32 0.0002759010713487 
24 31 0.0002879438815502 
25 34 0.0002999970738926 
26 30 0.0003120562569370 
27 30 0.0003241177976549 
28 17 0.0003361870265803 
29 24 0.0003482683511852 
30 25 0.0003603567136515 
31 25 0.0003724479513475 
32 27 0.0003845479465220 
33 18 0.0003966617949278 
34 30 0.0004087837416463 
35 25 0.0004209110763171 
36 19 0.0004330443099359 
37 16 0.0004451929754057 
38 21 0.0004573550860670 
39 12 0.0004695211844136 
40 23 0.0004816940727036 
41 10 0.0004938880944415 
42 15 0.0005060890302238 
43 11 0.0005182941913493 
44 12 0.0005305156748070 
45 12 0.0005427562978569 
46 10 0.0005550041408137 
47 14 0.0005672570753010 
48 7 0.0005795280762620 
49 12 0.0005918199543559 
50 13 0.0006041196853630 
51 10 0.0006164251943590 
52 8 0.0006287506102045 
53 9 0.0006410986932756 
54 17 0.0006534552930589 
55 7 0.0006658250115979 
56 6 0.0006782031070690 
57 10 0.0006906055848268 
58 5 0.0007030310754098 
59 8 0.0007154641388868 
60 10 0.0007279138982089 
61 9 0.0007403844568183 
62 8 0.0007528606244924 
63 4 0.0007653600791934 
64 4 0.0007778896461453 
65 6 0.0007904132304288 
66 3 0.0008029802996910 
67 5 0.0008155666534564 
68 4 0.0008281530340246 
69 6 0.0008407658289927 
70 6 0.0008534122691878 
71 3 0.0008660724509629 
72 6 0.0008787396872063 
73 4 0.0008914352619052 
74 6 0.0009041668214379 
75 18 0.0009169134539772 
76 4 0.0009296749171982 
77 2 0.0009424516330292 
78 6 0.0009552668900213 
79 3 0.0009681139087559 
80 4 0.0009809692285777 
81 3 0.0009938407503874 
82 5 0.0010067618506493 
83 20 0.0010197003426998 
84 3 0.0010326558963920 
85 1 0.0010456284346585 
86 3 0.0010586222500931 
87 1 0.0010716618566088 
89 5 0.0010978574022327 
90 2 0.0011109864198594 
91 3 0.0011241245263723 
92 5 0.0011372816499998 
93 1 0.0012090637755095 
94 3 0.0012582400680435 
95 1 0.0014080000734081 
96 18 0.0017073303994459 
97 1 0.0020798517279273 
98 1 0.0021780079081479 
99 3 0.0023091671687805 
100 1 0.0024825427179604 
103 1 0.0027866842249810 
104 3 0.0028543368815964 
106 1 0.0032033955909322 
109 2 0.0037690274326479 
111 1 0.0041927658764790 
112 1 0.0042935777104808 
113 1 0.0045436724198547 
115 2 0.0050818843190685 
116 2 0.0056510934311489 
117 3 0.0061587581699324 
118 2 0.0067746303519885 
120 16 0.0093004008319802 
121 2 0.0088387602518314 
122 1 0.0125196204006148 
124 1 0.0144220946905848 
125 2 0.0158232449589378 
127 1 0.0187194697215941 
128 2 0.0207670162076501 
129 2 0.0234178794471349 
132 1 0.0313535537009710 
133 1 0.0348780177344468 
135 1 0.0446999016591223 
136 1 0.0503289969294319 
137 1 0.0614971934023167 
138 2 0.0762219504680697 
139 1 0.0969235205484957 
140 2 0.1391719943954788 
144 1 0.2646259126036114 
148 1 0.3618269535227142 
149 1 0.4068008110046832 
151 1 0.4508914590788736 
153 1 0.4817577692548682 
156 1 0.5320094090598246 
164 1 0.6403007071451435 
165 5 0.6346407094226959 
166 1 0.6303384855094886 
177 1 0.6992167821102545 
184 1 0.7293491487434850 
186 1 0.7376989906956868 
189 1 0.7503327004704491 
193 1 0.7671448480640656 
199 3 0.7923297821610089 
200 1 0.7965467846422977 
201 2 0.8007610806094061 
207 1 0.8258507242660839 
209 2 0.8342444969332243 
213 1 0.8508874103488087 
215 1 0.8592069567397161 
220 1 0.8796962100584730 
224 1 0.8959448886766623 
225 2 0.9001103398275638 
229 2 0.9163032450880181 
236 1 0.9366379760612671 
238 2 0.9430355380309404 
253 2 0.9627007982277231 
280 1 0.9754169522846564 
298 1 0.9795335103335233 
299 2 0.9809115018933914 
370 1 0.9859104277047432 
408 1 0.9870770351014959 
466 1 0.9873927996846265 
549 1 0.9879683636939854 
571 1 0.9883517303381969 
