100000
1 159 0.0000024024354410 
2 120 0.0000053767115336 
3 72 0.0000080686395720 
4 62 0.0000107629648550 
5 54 0.0000512383821855 
6 40 0.0000615208328599 
7 22 0.0000718006523547 
8 29 0.0000820871457554 
9 22 0.0000923784969117 
10 21 0.0001026744343783 
11 20 0.0001129761277487 
12 20 0.0001232827478867 
13 19 0.0001335918212331 
14 16 0.0001439032922861 
15 12 0.0001542189857277 
16 12 0.0001645255417981 
17 18 0.0001748455562390 
18 15 0.0001851679783897 
19 14 0.0001954903925012 
20 10 0.0002058077425951 
21 15 0.0002161337169469 
22 14 0.0002264600686807 
23 13 0.0002367825977612 
24 5 0.0002471083095914 
25 8 0.0002574372902917 
26 14 0.0002677717688515 
27 7 0.0002781091116284 
28 11 0.0002884524013251 
29 17 0.0002987987830481 
30 11 0.0003091515648348 
31 13 0.0003195059506319 
32 9 0.0003298670891105 
33 14 0.0003402371406393 
34 15 0.0003506109731967 
35 12 0.0003609866380867 
36 13 0.0003713699749902 
37 15 0.0003817633850866 
38 14 0.0003921610495606 
39 14 0.0004025629570945 
40 13 0.0004129735890490 
41 11 0.0004233864046174 
42 10 0.0004338083039248 
43 8 0.0004442420552535 
44 14 0.0004546807719592 
45 5 0.0004651219358981 
46 9 0.0004755731325103 
47 7 0.0004860373670453 
48 9 0.0004965070700690 
49 7 0.0005069794977700 
50 6 0.0005174629328158 
51 9 0.0005279606003852 
52 7 0.0005384643100181 
53 7 0.0005489709276913 
54 7 0.0005594895325797 
55 7 0.0005700237043549 
56 6 0.0005805644297260 
57 8 0.0005911115737569 
58 8 0.0006016651787053 
59 10 0.0006711796346916 
60 6 0.0009583442612017 
61 5 0.0013665913956965 
62 4 0.0010008090128306 
63 5 0.0012237648185498 
64 6 0.0013669710592918 
65 3 0.0014539969478533 
66 7 0.0014386480045136 
67 4 0.0016064245713282 
68 9 0.0017900415512344 
69 7 0.0019325603649821 
70 7 0.0019526227540360 
71 5 0.0021969289176317 
72 5 0.0024829448759214 
73 4 0.0025034430414926 
74 9 0.0025443942741649 
75 5 0.0027157870861372 
76 9 0.0028522892592599 
77 3 0.0028469433390192 
78 3 0.0030687905107984 
79 6 0.0031081997430405 
80 8 0.0031476776447220 
81 5 0.0031870740966491 
82 5 0.0032264717936580 
83 6 0.0032658707540278 
84 11 0.0033052709585488 
85 5 0.0033446724288259 
86 3 0.0033840751423430 
87 4 0.0034235337607088 
88 4 0.0034628843092719 
89 6 0.0036633310193337 
90 1 0.0037890404016681 
91 4 0.0038941289621528 
92 7 0.0039973844633806 
93 3 0.0040715912895541 
94 8 0.0041373528002274 
95 4 0.0041813888333123 
96 4 0.0042254253735180 
97 2 0.0043887520787953 
98 3 0.0044946776468776 
99 2 0.0047266596986996 
100 3 0.0046762091722023 
101 5 0.0047244798053210 
102 3 0.0049988363731415 
104 5 0.0051919476279954 
105 4 0.0055228733026208 
106 3 0.0056556443003469 
107 4 0.0058253778586064 
108 5 0.0061718053584905 
109 5 0.0062472979499606 
110 8 0.0063299333317310 
111 4 0.0067097538393996 
113 4 0.0072086088141999 
114 6 0.0072960589965559 
115 3 0.0076935251068905 
116 3 0.0077775740063087 
117 3 0.0082138669337108 
118 1 0.0082126197587417 
119 2 0.0088343194580000 
120 1 0.0088648185699526 
121 1 0.0092116490428910 
122 3 0.0093118519991040 
123 5 0.0094605177842597 
124 5 0.0097300392876259 
125 3 0.0098652935679919 
127 2 0.0105708033097308 
128 2 0.0108106097353522 
129 3 0.0113677528964999 
130 2 0.0115363236768396 
131 1 0.0118081587671897 
132 3 0.0121304351213982 
133 1 0.0126536280119473 
134 2 0.0129886679816245 
135 2 0.0135848334765187 
136 2 0.0139711851096464 
137 4 0.0142700973928440 
138 6 0.0149631649415584 
139 5 0.0155168788285735 
140 1 0.0160275845826078 
141 3 0.0167032424631426 
142 1 0.0171512421959124 
143 4 0.0181067686602791 
144 1 0.0182986172666226 
146 1 0.0199335292606128 
147 1 0.0204479974866394 
148 5 0.0210314048442094 
149 2 0.0221108029004962 
150 4 0.0229485061183345 
151 2 0.0239617625284176 
152 1 0.0248052147266904 
153 2 0.0257149155398643 
154 3 0.0267391309175086 
156 2 0.0288777225114219 
157 3 0.0301334584779482 
158 3 0.0312734124712995 
159 2 0.0325703644674769 
160 1 0.0339899259396538 
162 3 0.0367656500364633 
163 2 0.0383688069204116 
164 2 0.0400345367367294 
165 3 0.0418378943788982 
166 2 0.0436406147236340 
167 1 0.0456029922141202 
168 1 0.0476644664946577 
169 2 0.0495573009211313 
171 4 0.0543126797652043 
172 4 0.0566508767516950 
173 3 0.0595175918047919 
174 1 0.0617746058226063 
175 1 0.0644271375415500 
176 4 0.0675107737500449 
177 3 0.0712825078988995 
178 1 0.0742542979805108 
179 2 0.0779621085805162 
180 2 0.0819098721847622 
183 2 0.0935932955485836 
184 2 0.1004605848833066 
185 2 0.1046961534381857 
186 3 0.1088399218219580 
188 1 0.1182719850444329 
190 2 0.1316675009239091 
191 3 0.1384745543495130 
192 2 0.1433211476434341 
193 1 0.1511786581381123 
194 3 0.1577388091441501 
197 1 0.1795441853088437 
198 3 0.1791187001561853 
199 1 0.1910810957541395 
200 3 0.1963003779335384 
201 1 0.2005666221771177 
202 2 0.2164088639779520 
203 2 0.2257831295071668 
204 1 0.2271546008106601 
205 2 0.2442042556908623 
206 2 0.2420261383122736 
209 1 0.2633791255913634 
211 3 0.2752400121883796 
212 1 0.2814424846493562 
213 1 0.2890115143118290 
214 1 0.2950274544722165 
215 1 0.3002354216028464 
219 1 0.3166195245791736 
221 2 0.3245037317930431 
223 2 0.3314750616181272 
226 1 0.3422680367221821 
227 1 0.3450993147137977 
229 4 0.3511595869901974 
230 1 0.3547901951833078 
233 2 0.3612503515206504 
234 2 0.3631020403236179 
236 1 0.3680542462232744 
240 3 0.3770348846186828 
241 1 0.3800038945272768 
244 1 0.3861570168902420 
246 1 0.3903972143154680 
247 1 0.3923324472706733 
249 2 0.3966104084988355 
250 2 0.3985377742832728 
251 1 0.4004380139800363 
254 1 0.4065297968765540 
255 1 0.4084064756132652 
257 1 0.4124217365596236 
258 1 0.4145583792254854 
261 3 0.4204019903641943 
269 1 0.4365594153724074 
271 1 0.4404665526789169 
272 1 0.4424265267509235 
275 2 0.4487089625442264 
285 1 0.4683006414446474 
286 1 0.4702181120638775 
287 1 0.4721211063837462 
289 1 0.4760006782004163 
293 1 0.4838175106654347 
297 1 0.4915692077679124 
299 3 0.4954344865516905 
302 1 0.5012454909642916 
303 1 0.5032280178286356 
304 1 0.5051775225269375 
313 1 0.5227716193615736 
320 1 0.5363120843330382 
323 1 0.5421577907671603 
324 1 0.5441119623168541 
326 2 0.5480568214827386 
354 1 0.6029006627781046 
360 1 0.6142412511291866 
364 1 0.6219813048956219 
380 1 0.6514804311357680 
381 1 0.6533751929495430 
382 1 0.6553382131016653 
414 1 0.7118111156096677 
426 1 0.7298812067583480 
440 1 0.7518603243303403 
446 1 0.7608780777678331 
479 1 0.8021407662550600 
565 1 0.8646798652387884 
913 1 0.9348979776288633 
