100000
1 1153 0.0907715636608195 
2 250 0.0014241395641664 
3 123 0.0000350733753943 
4 59 0.0000393197970937 
5 40 0.0000430763559159 
6 24 0.0000471055959432 
7 14 0.0000515542670461 
8 14 0.0000559771429346 
9 9 0.0000603129680817 
10 4 0.0000650497017780 
11 10 0.0000660594325335 
12 12 0.0000734781314853 
13 5 0.0000809431079506 
14 4 0.0000804608632155 
15 4 0.0000845963868499 
16 8 0.0000859359694588 
17 7 0.0000930980837825 
18 5 0.0000937953909777 
19 2 0.0000974496422930 
20 2 0.0001014827405435 
21 2 0.0001054258487209 
22 4 0.0000977500939102 
23 2 0.0001006237814096 
24 1 0.0001140467482242 
25 4 0.0001160884572032 
26 4 0.0001169474357485 
27 1 0.0001305698034582 
28 3 0.0001334947385960 
29 2 0.0001411912394369 
30 2 0.0001303102514739 
31 1 0.0001520131705728 
32 4 0.0001444452493115 
33 2 0.0001631090823680 
34 1 0.0001626478157884 
35 1 0.0001628479695733 
37 1 0.0001730675531572 
39 2 0.0001488456091001 
40 4 0.0001545874556634 
41 6 0.0001512855196823 
42 3 0.0001648598290970 
45 3 0.0001792363272377 
46 1 0.0001854582379283 
47 1 0.0001936896930700 
48 1 0.0002028505444138 
49 1 0.0002058290968781 
50 2 0.0002042789500129 
51 1 0.0002198428640582 
53 2 0.0002261570645502 
54 1 0.0002238915888519 
55 1 0.0002295385713484 
57 1 0.0002303900847916 
60 1 0.0002154372322548 
63 2 0.0002381748061617 
71 1 0.0002638743130924 
75 1 0.0002722215394285 
80 1 0.0002876810873232 
84 1 0.0002985085484197 
87 2 0.0002999786109016 
105 1 0.0003688108176992 
106 1 0.0003531697526241 
109 1 0.0003790892320773 
116 1 0.0003891969361383 
117 1 0.0003857265653005 
135 1 0.0004558987730793 
158 1 0.0005053774912067 
165 1 0.0005333407387905 
218 1 0.0006767881462287 
382 1 0.0011005627403455 
403 1 0.0011250692178166 
