100000
1 75 0.0000074542681439 
2 98 0.0000148838060392 
3 93 0.0000223579050032 
4 99 0.0000298280907953 
5 93 0.0000373559929123 
6 98 0.0000449041680039 
7 98 0.0000523712662922 
8 111 0.0000599354783629 
9 100 0.0000675441306300 
10 95 0.0000748975457732 
11 81 0.0000826111835274 
12 82 0.0000901793291733 
13 79 0.0000976795514432 
14 87 0.0001051304731482 
15 106 0.0001127532946020 
16 82 0.0001202202768290 
17 76 0.0001278710215693 
18 73 0.0001354035201470 
19 72 0.0001430623634874 
20 63 0.0001505111614899 
21 52 0.0001580877731544 
22 63 0.0001656130316352 
23 53 0.0001731079137852 
24 60 0.0001808691417407 
25 55 0.0001884495336800 
26 56 0.0001959160742783 
27 49 0.0002034439102523 
28 37 0.0002109021063852 
29 38 0.0002185151668290 
30 40 0.0002260580900495 
31 38 0.0002335896954786 
32 44 0.0002413921717852 
33 35 0.0002487917763095 
34 43 0.0002562057875998 
35 36 0.0002640129215776 
36 43 0.0002716183637533 
37 43 0.0002795092379386 
38 44 0.0002866102597649 
39 29 0.0002941481937892 
40 27 0.0003018948850732 
41 29 0.0003095273902134 
42 21 0.0003173991148136 
43 29 0.0003248043496774 
44 21 0.0003323731417029 
45 19 0.0003397364859159 
46 24 0.0003477825079450 
47 24 0.0003553169217227 
48 24 0.0003630474322200 
49 33 0.0003700967841779 
50 25 0.0003776381465468 
51 20 0.0003863490267906 
52 19 0.0003932628439342 
53 15 0.0004012484423940 
54 23 0.0004101284719849 
55 23 0.0004157264816786 
56 18 0.0004239893286820 
57 23 0.0004312681676233 
58 15 0.0004385481434988 
59 11 0.0004463798173426 
60 18 0.0004539718268107 
61 18 0.0004628980298550 
62 16 0.0004695337276787 
63 23 0.0004771821060016 
64 13 0.0004869002269949 
65 20 0.0004922394429005 
66 22 0.0005006632239496 
67 13 0.0005077111026554 
68 16 0.0005165138042723 
69 14 0.0005228296206184 
70 17 0.0005304917098801 
71 18 0.0005403336903283 
72 15 0.0005458676865455 
73 10 0.0005544269022892 
74 10 0.0005618095112452 
75 8 0.0005706778306209 
76 15 0.0005772254397086 
77 10 0.0005849143691481 
78 11 0.0005949041450854 
79 16 0.0006003622419773 
80 8 0.0006084946360635 
81 4 0.0006160613078439 
82 12 0.0006243459369875 
83 17 0.0006314354305022 
84 12 0.0006391242047941 
85 10 0.0006463542833691 
86 9 0.0006548980917780 
87 5 0.0006621135782235 
88 9 0.0006721174337941 
89 9 0.0006786645297328 
90 7 0.0006863911011244 
91 9 0.0006936949472004 
92 10 0.0007016098379906 
93 11 0.0007091365094868 
94 7 0.0007176436268753 
95 9 0.0007263562520908 
96 11 0.0007332075148507 
97 8 0.0007453499886417 
98 5 0.0007497984215244 
99 11 0.0007565169919731 
100 10 0.0007643711986650 
101 4 0.0007719536779982 
102 9 0.0007783026186753 
103 6 0.0007875548308086 
104 6 0.0007969403791300 
105 7 0.0008021900954975 
106 9 0.0008148869840934 
107 9 0.0008200319908691 
108 6 0.0008283088027355 
109 9 0.0008353404994866 
110 4 0.0008436859380779 
111 1 0.0008559007753060 
112 7 0.0008605853933843 
113 8 0.0008693811506077 
114 4 0.0008754097267175 
115 10 0.0008827943961403 
116 6 0.0008921663146987 
117 9 0.0009001454866336 
119 4 0.0009153615010230 
120 5 0.0009249620280868 
121 6 0.0009323375589406 
122 12 0.0009412169753351 
123 11 0.0009479345465304 
124 9 0.0009573144783455 
125 5 0.0009632581427253 
126 6 0.0009722325757805 
127 4 0.0009790475415890 
128 5 0.0009879287156239 
129 4 0.0009959992575575 
130 6 0.0010060687483117 
131 6 0.0010131238840636 
132 4 0.0010307089409972 
133 3 0.0010300228134787 
134 3 0.0010368158228169 
135 7 0.0010448290883022 
136 4 0.0010547678611189 
137 5 0.0010619636946250 
138 2 0.0010688640422074 
139 5 0.0010773485426503 
140 3 0.0010854180953293 
141 7 0.0010933709144467 
142 7 0.0011011283813572 
144 1 0.0011169095413644 
145 3 0.0011271503043298 
146 5 0.0011413469732783 
147 6 0.0011439080034952 
148 3 0.0011505625568094 
149 1 0.0011625730560889 
150 2 0.0011686985138074 
151 5 0.0011773639430533 
152 4 0.0011901868071243 
153 2 0.0011935726056640 
154 4 0.0012025374395256 
155 5 0.0012095663048783 
156 6 0.0012187359138919 
157 1 0.0012276585712101 
158 5 0.0012371356057223 
159 3 0.0012440180742223 
160 6 0.0012513007398279 
161 4 0.0012614806043448 
162 2 0.0012681084349318 
163 1 0.0012784683518033 
164 4 0.0012870489880452 
165 5 0.0012957963207283 
166 4 0.0013152185395372 
167 2 0.0013146846234477 
168 5 0.0013261330137914 
169 3 0.0013312668269150 
170 3 0.0013383668093203 
171 3 0.0013476703537753 
172 3 0.0013560698394650 
173 6 0.0013686783454229 
174 2 0.0013743022780593 
175 2 0.0013810452102544 
176 4 0.0013891759820311 
177 4 0.0013983749776699 
178 5 0.0014084226769513 
179 3 0.0014214675728856 
180 2 0.0014259778851875 
181 2 0.0014325580879438 
182 5 0.0014426566021015 
183 3 0.0014506412395968 
184 3 0.0014660262021254 
185 4 0.0014682579698129 
186 4 0.0014813441239010 
187 4 0.0014936970601304 
188 4 0.0014956135561636 
189 3 0.0015042519159318 
190 6 0.0015179905698352 
191 4 0.0015219791256316 
192 2 0.0015292587425195 
193 3 0.0015405379665158 
194 1 0.0015494013784989 
195 4 0.0015575676907820 
196 2 0.0015694653565440 
197 3 0.0015809997930447 
198 5 0.0015864237342123 
199 2 0.0015971409234199 
200 1 0.0016051294358159 
201 4 0.0016122169493574 
202 2 0.0016223906124788 
203 2 0.0016305352274378 
204 1 0.0016397788999131 
205 4 0.0016552606057750 
207 3 0.0016683705606724 
209 1 0.0016865768941342 
210 1 0.0016948284970992 
211 1 0.0017065386219426 
217 1 0.0017618266514158 
220 1 0.0017881781738167 
221 1 0.0017961573447324 
222 1 0.0018077606356288 
223 1 0.0018191657285020 
224 1 0.0018262448334693 
226 1 0.0018437646971979 
229 1 0.0018729868371323 
231 1 0.0018946694941389 
234 2 0.0019295000217725 
235 1 0.0019310969050886 
245 1 0.0020293443263225 
254 1 0.0021130597760018 
291 1 0.0024919500718326 
294 1 0.0025321998896872 
347 1 0.0030360414907546 
547 1 0.0049509720549860 
755 1 0.0071215108069899 
792 1 0.0072767324687119 
1045 1 0.0102912379274865 
