100000
1 115 0.0001077324444079 
2 136 0.0002228402069668 
3 142 0.0003352646704330 
4 134 0.0004483584213599 
5 126 0.0005625207991540 
6 113 0.0006757013673925 
7 83 0.0007891794814566 
8 108 0.0009027194388410 
9 71 0.0010171407268563 
10 67 0.0011307611230203 
11 33 0.0012461136577309 
12 61 0.0013603727483997 
13 64 0.0014748989249924 
14 39 0.0015899704666825 
15 63 0.0017051974630447 
16 60 0.0018215418037316 
17 54 0.0019362622088737 
18 40 0.0020522291729971 
19 35 0.0021705391135486 
20 22 0.0022850485731085 
21 15 0.0024031368752339 
22 20 0.0025212594494243 
23 23 0.0026384992378933 
24 20 0.0027566153155585 
25 16 0.0028749109130974 
26 15 0.0029942558500713 
27 18 0.0031115326021143 
28 9 0.0032357420020887 
29 13 0.0033537584482033 
30 9 0.0034739685183377 
31 21 0.0035948562070592 
32 11 0.0037168875984886 
33 10 0.0038389614615437 
34 14 0.0039616933864916 
35 15 0.0040839584312686 
36 11 0.0042077836260004 
37 9 0.0043321292718940 
38 7 0.0044570233053451 
39 5 0.0045822036767105 
40 5 0.0047075018772948 
41 4 0.0048345573401063 
42 5 0.0049617456719833 
43 7 0.0050896292991367 
44 6 0.0052181655882761 
45 2 0.0053468486803165 
46 5 0.0054764363161689 
47 5 0.0056063200364541 
48 5 0.0057375055356432 
49 3 0.0058703722441934 
50 6 0.0060014501072340 
51 2 0.0061350767665034 
52 4 0.0062689055210125 
53 3 0.0064048794338499 
54 5 0.0065413872665511 
55 3 0.0066796151557822 
56 3 0.0068183057244571 
57 6 0.0069598236362299 
58 2 0.0071026390490967 
59 2 0.0072454522517614 
60 2 0.0073882671978292 
61 1 0.0075340540567977 
62 4 0.0076811710869282 
63 4 0.0078313228729278 
64 1 0.0079852176090191 
66 4 0.0082845953103882 
67 2 0.0084435792196003 
68 2 0.0086053636716648 
70 6 0.0089387424445847 
71 1 0.0091244211589974 
72 2 0.0093044660060873 
73 2 0.0094913292072781 
74 3 0.0096742024651602 
76 1 0.0100505632195024 
77 3 0.0102516013164517 
78 2 0.0104736007351466 
79 2 0.0107077655802579 
80 2 0.0109334156435682 
81 2 0.0111606396248424 
82 1 0.0113867976743273 
83 2 0.0116248967743210 
84 1 0.0119191140752434 
86 1 0.0133571009078549 
87 4 0.3022697142195945 
88 1 0.3150041383049333 
89 1 0.3461726435752571 
90 2 0.3846717834114654 
91 2 0.4012992444277266 
92 1 0.4953605728895886 
93 1 0.5255885349066969 
94 1 0.5472837969960057 
95 1 0.5933020517973269 
97 2 0.6306784876452218 
99 2 0.6655830416627782 
101 1 0.7103734679467177 
104 2 0.8393710036812604 
105 2 0.8432573751206396 
106 1 0.8496270087398036 
111 1 0.8958911583234601 
112 1 0.9042617772343928 
113 1 0.9127011668341924 
123 2 0.9957438657143203 
128 1 0.9987341282918447 
130 1 0.9990560439149239 
141 1 0.9994712071254817 
146 1 0.9996150917210410 
148 1 0.9996867261853174 
151 1 0.9997418399992658 
154 1 0.9997839798389527 
173 1 0.9998481785625852 
223 1 0.9999127082110787 
273 1 0.9999330967347326 
