100000
1 135 0.0000032239953209 
2 106 0.0000064934987358 
3 78 0.0000097807179274 
4 51 0.0000281900853459 
5 39 0.0003201376987413 
6 49 0.0004533668943193 
7 29 0.0005607976478827 
8 26 0.0006600321924958 
9 16 0.0007568999964100 
10 24 0.0008495079901102 
11 25 0.0009401046608760 
12 27 0.0010304861845681 
13 21 0.0011214396797402 
14 25 0.0012131448709294 
15 24 0.0013046447825560 
16 19 0.0013973474824214 
17 23 0.0014901130678447 
18 21 0.0015836111777345 
19 13 0.0016786955888479 
20 17 0.0017749092832106 
21 11 0.0018717741112765 
22 8 0.0019689163851150 
23 9 0.0020664041161842 
24 8 0.0021630932043469 
25 10 0.0022617094049914 
26 14 0.0023567258257470 
27 10 0.0024544107750516 
28 4 0.0025509661735044 
29 10 0.0026476354298837 
30 13 0.0027453869145481 
31 6 0.0028425276243119 
32 12 0.0029399932771334 
33 10 0.0030322178060218 
34 8 0.0031242434027947 
35 7 0.0032186222541862 
36 12 0.0033161725359931 
37 3 0.0034126099385323 
38 11 0.0035049472808763 
39 10 0.0035972915547331 
40 9 0.0036952618624301 
41 9 0.0037944566830735 
42 8 0.0038940170444593 
43 7 0.0039921560940920 
44 3 0.0040850573476232 
45 5 0.0041788366785584 
46 4 0.0042774225955327 
47 4 0.0043770941223759 
48 7 0.0044787563231535 
49 5 0.0045807289226222 
50 6 0.0046843114066657 
51 3 0.0047873195321648 
52 2 0.0048927010946169 
53 5 0.0049966883557865 
54 5 0.0051035387694563 
55 3 0.0052114396177272 
56 8 0.0053210933090294 
57 1 0.0054401766943142 
58 2 0.0055435658507455 
59 7 0.0056662845666782 
60 1 0.0057844595169941 
61 2 0.0059112113882637 
62 4 0.0060358411832728 
63 3 0.0061929328512435 
64 5 0.0063036817407158 
65 3 0.0064547139902684 
66 3 0.0066340368440772 
67 3 0.0067932081204417 
68 6 0.0069690336931094 
69 4 0.0071896092534707 
70 6 0.0073740799824865 
71 7 0.0075847868684742 
72 3 0.0078386969137569 
73 2 0.0080911986474294 
74 2 0.0082868762760527 
75 4 0.0085711968170360 
76 2 0.0088185864698029 
77 2 0.0091596270407305 
78 3 0.0094411144387543 
79 6 0.0098158387768516 
80 3 0.0101171137185072 
81 2 0.0106009731490650 
82 3 0.0109803335576355 
83 1 0.0113908797957271 
84 1 0.0118504920752594 
85 2 0.0123565713344831 
86 4 0.0128858955274789 
87 3 0.0135006071338838 
88 3 0.0141660367382465 
89 2 0.0148487919512411 
90 1 0.0155486880055130 
91 2 0.0162792543043364 
92 3 0.0170809021579005 
93 3 0.0180228165989204 
94 1 0.0188741692088994 
95 1 0.0198874665459550 
96 3 0.0208415292854042 
97 3 0.0220586817024312 
98 2 0.0230785926255262 
99 1 0.0243763148050283 
101 1 0.0268924291329593 
102 2 0.0287646253209578 
103 1 0.0299568397225238 
104 4 0.0320281634846592 
105 1 0.0348387903229560 
107 1 0.0375502867412929 
108 1 0.0412586361950550 
110 1 0.0466785660928297 
111 2 0.0494288874944074 
112 1 0.0528479671157528 
114 1 0.0585322829360134 
116 1 0.0671001530230740 
117 2 0.0718913975829070 
118 1 0.0731325234062218 
120 1 0.0792470501318233 
121 1 0.0850156752084396 
122 2 0.0861527478395254 
123 2 0.0898089569027961 
125 1 0.0957899675642157 
128 3 0.1044479575764361 
129 1 0.1060383790084032 
130 1 0.1070282483911354 
133 2 0.1168412544610453 
136 1 0.1222209699854975 
137 1 0.1233418983089251 
138 3 0.1250130555936073 
143 1 0.1318687019550999 
144 1 0.1333986903017377 
147 2 0.1386481274147774 
149 1 0.1409387013492873 
170 2 0.1698696034201425 
171 1 0.1710165885798213 
179 1 0.1805344666223065 
182 1 0.1839762430300568 
196 1 0.2012400749718610 
199 1 0.2047566988370342 
211 1 0.2194711340804867 
218 1 0.2284080466034966 
223 1 0.2351835313236629 
243 1 0.2603834246199384 
274 1 0.3023005033118453 
277 1 0.3063748645199841 
301 1 0.3381171074005642 
306 1 0.3447298396910438 
351 1 0.4024491586799558 
