100000
1 971 0.0000015893635080 
2 487 0.0000031801653101 
3 355 0.0002424820624389 
4 243 0.0003266466059612 
5 208 0.0004109540247300 
6 182 0.0004951327520854 
7 156 0.0005792803427374 
8 146 0.0006631510949300 
9 119 0.0007470863811354 
10 127 0.0008314330249326 
11 121 0.0009158146926784 
12 105 0.0010004124899278 
13 85 0.0010844263369937 
14 84 0.0011681168805494 
15 81 0.0012529582095893 
16 82 0.0013452170143598 
17 62 0.0014274084395015 
18 72 0.0015132754809293 
19 53 0.0015910783025895 
20 42 0.0016727164613339 
21 41 0.0017625646539436 
22 52 0.0018403771672612 
23 41 0.0019278459527170 
24 51 0.0020149043446835 
25 44 0.0020961589147067 
26 32 0.0021805691165669 
27 42 0.0022622665618708 
28 31 0.0023472857677698 
29 26 0.0024322797412406 
30 26 0.0025190780992749 
31 22 0.0026010020313740 
32 22 0.0026853247366596 
33 23 0.0027700039702067 
34 18 0.0028546395663857 
35 10 0.0029389239308308 
36 19 0.0030241145372934 
37 20 0.0031078106605970 
38 20 0.0031891151758493 
39 19 0.0032781943588845 
40 16 0.0033621941126498 
41 8 0.0034462436837385 
42 15 0.0035294450489434 
43 13 0.0036150285994879 
44 11 0.0037005441104234 
45 7 0.0037866230047074 
46 12 0.0038684675821501 
47 13 0.0039519085808075 
48 10 0.0040406206727071 
49 9 0.0041246286950463 
50 14 0.0042077915137397 
51 11 0.0042863902668112 
52 5 0.0043776497100506 
53 6 0.0044558598879065 
54 10 0.0045391319899578 
55 8 0.0046312017333974 
56 13 0.0047138864689064 
57 9 0.0047993799546355 
58 10 0.0048854607778498 
59 4 0.0049694400186278 
60 6 0.0050557573900283 
61 3 0.0051445827097103 
62 1 0.0052263738469851 
63 5 0.0053071817505754 
64 5 0.0053973305696280 
65 6 0.0054787266713407 
66 6 0.0055623556496029 
67 2 0.0056409033872815 
68 5 0.0057287458640408 
69 4 0.0058103012685668 
70 5 0.0058979576348194 
72 1 0.0060685954229224 
73 2 0.0061551012995174 
74 5 0.0062407465590340 
75 3 0.0063255846915427 
76 1 0.0064106549713623 
77 2 0.0064961660764055 
78 3 0.0065813698905377 
79 3 0.0066643066157786 
80 1 0.0067499092355921 
81 3 0.0068364994911750 
83 4 0.0070038676588889 
85 2 0.0071775243968364 
86 1 0.0072622002258968 
87 2 0.0073504551069357 
88 5 0.0074340143327374 
89 2 0.0075144041500553 
90 1 0.0076094085742514 
91 3 0.0076884825825303 
92 2 0.0077729024894775 
93 2 0.0078598092217118 
94 5 0.0079464617860439 
95 3 0.0080301833777314 
96 4 0.0081168704102472 
97 2 0.0082021471365234 
98 3 0.0082904152775940 
99 3 0.0083705843904038 
100 2 0.0084544511942644 
101 3 0.0085438580909978 
102 2 0.0086354484648929 
103 1 0.0087156198357752 
105 3 0.0088898526525257 
107 1 0.0090534649685068 
108 1 0.0091427183097425 
109 3 0.0092311027849428 
111 2 0.0093990747724098 
112 2 0.0094904241989231 
113 2 0.0095743340722055 
114 1 0.0096577776059772 
115 2 0.0097410621751109 
116 3 0.0098306553541504 
118 3 0.0099977420589198 
119 1 0.0100871698867548 
121 1 0.0102615885639982 
123 3 0.0104340167952985 
125 2 0.0106032827782312 
126 1 0.0106833067812526 
127 2 0.0107750191282171 
128 2 0.0108628392026802 
129 1 0.0109502920047296 
130 1 0.0110411123839449 
133 1 0.0112930157291729 
134 1 0.0113785410866006 
136 1 0.0115508817137006 
137 1 0.0116362699498534 
138 2 0.0117282090894385 
139 1 0.0118132102963945 
140 1 0.0118969248137245 
142 1 0.0120721119251990 
143 1 0.0121611176216797 
145 1 0.0123331859608323 
146 1 0.0124239395834165 
149 1 0.0126834926319910 
151 1 0.0128552521599427 
152 1 0.0129408357948256 
157 1 0.0133750296078763 
159 1 0.0135490952419814 
163 1 0.0138972381895383 
164 1 0.0139831018205048 
166 1 0.0141530803523917 
169 2 0.0144248349291102 
173 3 0.0147644986644992 
174 1 0.0148591248078297 
175 2 0.0149479712775748 
178 1 0.0152071821233808 
181 1 0.0154725596882238 
187 1 0.0159955804807349 
188 1 0.0160778371491534 
190 2 0.0162699314960278 
191 2 0.0163554510195430 
194 1 0.0166163552350155 
196 2 0.0167891195551863 
203 1 0.0174214979687508 
207 1 0.0177754299388125 
208 1 0.0178654993636672 
212 1 0.0182176035491598 
215 1 0.0184858297956904 
220 1 0.0189220896047305 
224 1 0.0192817048787103 
225 1 0.0193719253277115 
233 1 0.0200835189637260 
239 1 0.0206181464424980 
241 1 0.0207999900297909 
242 1 0.0208836898818573 
245 1 0.0211574204879891 
252 1 0.0217879071449912 
261 1 0.0226102614883069 
296 1 0.0257968134661301 
315 1 0.0275381152207459 
349 1 0.0307121809088830 
351 1 0.0308875148752200 
352 1 0.0309947236963928 
355 1 0.0312752086404923 
395 1 0.0350617672784476 
477 1 0.0429966096995207 
