9 100000
0.032063349882891216
0.03247994907895615
0.03257058423813283
0.03195619382741326
0.0323793752066286
0.032295994682499045
0.03379745392003795
0.03207391882079427
0.032137890684208574
0.015750028825089357 0.004373974849644614 0.018263576617087513 0.0006705159247532129 0.01928696668614845 0.004592673592126845 0.0021409455842997323 0.0017376995227908506 0.0012906235422173846 
0.004373974849644614 0.8236559139784946 0.02040816326530612 8.862105636299185e-05 0.03596588802373007 0.0012486992715920915 0.0 0.0 0.0 
0.018263576617087513 0.02040816326530612 0.17441615821586368 0.039694998878672345 0.02803190241613887 0.08011849901250823 0.24167561761546724 0.010976817911630672 0.0007489234225800412 
0.0006705159247532129 8.862105636299185e-05 0.039694998878672345 0.013774104683195593 0.0017999242137173171 0.028535980148883373 0.020242914979757085 0.0031900138696255203 0.0004851799576570219 
0.01928696668614845 0.03596588802373007 0.02803190241613887 0.0017999242137173171 0.19513499064421277 0.008972932888394512 0.012704174228675136 0.001986385448052673 0.001080881577559844 
0.004592673592126845 0.0012486992715920915 0.08011849901250823 0.028535980148883373 0.008972932888394512 0.10791788856304986 0.13853989813242784 0.00585029752583777 0.00045871559633027525 
0.0021409455842997323 0.0 0.24167561761546724 0.020242914979757085 0.012704174228675136 0.13853989813242784 1.0 0.0029637199795605517 0.0 
0.0017376995227908506 0.0 0.010976817911630672 0.0031900138696255203 0.001986385448052673 0.00585029752583777 0.0029637199795605517 0.00494881190737033 0.0015275674712746058 
0.0012906235422173846 0.0 0.0007489234225800412 0.0004851799576570219 0.001080881577559844 0.00045871559633027525 0.0 0.0015275674712746058 0.00585257829800696 
295
31
98
364
87
155
19
515
436
